,MYD,MYH,MYA
8654,0.27027249352602606,0.6299342680530196,0.09979323842095439
8655,0.271119742405367,0.3983962439756825,0.33048401361895036
8656,0.1958540321579832,0.6700781859852294,0.13406778185678744
8657,0.2934030407798491,0.40558593216859357,0.3010110270515572
8658,0.2839754902856954,0.339390628405293,0.3766338813090116
8659,0.31865972876273846,0.23749607788435537,0.4438441933529061
8660,0.2661789316808464,0.5109748100125783,0.2228462583065754
8661,0.2014876430986123,0.7383551268378232,0.0601572300635644
8662,0.2842247072971193,0.40311430901224454,0.31266098369063616
8663,0.2295580344557768,0.683549269824742,0.08689269571948113
8664,0.2100115259406959,0.7026337493430304,0.08735472471627374
8665,0.3244918379287023,0.4951854515289948,0.18032271054230292
8666,0.24941752433877487,0.3575352445629595,0.3930472310982657
8667,0.3016745154215948,0.3935554373963237,0.30477004718208145
8668,0.2835580748811201,0.6082445122049598,0.10819741291392
8669,0.3043388200176821,0.38333360686405005,0.3123275731182678
8670,0.19324534387285128,0.09966904203888141,0.7070856140882673
8671,0.2490084865064988,0.5938313180782739,0.15716019541522747
8672,0.29881152217482587,0.4193158944877723,0.281872583337402
8673,0.3661901871300875,0.4205087090570068,0.21330110381290562
8674,0.2935218021721094,0.5272820228496663,0.17919617497822452
8675,0.25351664826418063,0.5082764166845284,0.23820693505129106
8676,0.3263974629055683,0.5205387940319026,0.15306374306252898
8677,0.20991286659713426,0.7615676084827689,0.028519524920096684
8678,0.25968607626732587,0.6473534981994868,0.09296042553318734
8679,0.2493396085021007,0.504382914495814,0.24627747700208538
8680,0.2460538990801946,0.5136382711365022,0.24030782978330323
8681,0.2971028424798739,0.4897328514286937,0.21316430609143233
8682,0.34660442846900347,0.3317446871466861,0.3216508843843105
8683,0.2459913404871325,0.456111122285512,0.2978975372273555
8684,0.22227239479636557,0.6838616504330185,0.0938659547706159
8685,0.311587068125646,0.43670827650202937,0.2517046553723245
8686,0.23232018859922587,0.2684126442542023,0.499267167146572
8687,0.2873074148562346,0.3700523674540412,0.34264021768972414
8688,0.09831905200870787,0.132390764957387,0.7692901830339053
8689,0.30729755017493443,0.29266586686962925,0.4000365829554363
8690,0.2599110098021566,0.5791503143252017,0.1609386758726416
8691,0.2660910651324671,0.6262982500963608,0.10761068477117207
8692,0.11551919592057328,0.8494778862568747,0.03500291782255206
8693,0.2593762446909876,0.5943855746719157,0.14623818063709665
8694,0.2445452747562475,0.5800619043357925,0.17539282090795993
8695,0.31685726433199995,0.33833762350873486,0.3448051121592651
8696,0.3388956978734077,0.36635133510024454,0.29475296702634773
8697,0.3303403715775185,0.2539761814146316,0.41568344700784987
8698,0.3138265619225337,0.302466986662808,0.38370645141465826
8699,0.23167937991266155,0.5132756171254995,0.25504500296183896
8700,0.2818370047227386,0.33411227033948,0.3840507249377815
8701,0.2739908144518346,0.6752143703398495,0.05079481520831598
8702,0.2765791946893015,0.46551209077085437,0.25790871453984404
8703,0.21413300522253126,0.6240818068004305,0.1617851879770382
8704,0.26606629705232065,0.6299940138109881,0.10393968913669127
8705,0.2141436321973442,0.1437675550858412,0.6420888127168147
8706,0.31320430673054184,0.44081284465744885,0.2459828486120092
8707,0.20493903264445598,0.183283198386799,0.611777768968745
8708,0.29511954114357697,0.2824794199242272,0.42240103893219577
8709,0.21858451285519423,0.5947082910322958,0.18670719611251
8710,0.08545141660950731,0.870171870292182,0.04437671309831066
8711,0.2551301673523575,0.618781874127301,0.1260879585203415
8712,0.27145135326679837,0.5147748208326723,0.21377382590052932
8713,0.2317208480968212,0.6419860481891994,0.1262931037139795
8714,0.2873659127027007,0.5643027108583474,0.14833137643895197
8715,0.19271975187083287,0.7794113683962228,0.027868879732944142
8716,0.12763089192318114,0.8233379538227319,0.04903115425408705
8717,0.25366807565439503,0.5486850446484505,0.1976468796971546
8718,0.199096558384566,0.7772057521027848,0.0236976895126493
8719,0.2585371167463788,0.581394155937633,0.1600687273159881
8720,0.3100730108944377,0.3681389224769139,0.32178806662864845
8721,0.2462857831499944,0.6100307473397913,0.1436834695102143
8722,0.2936458175206927,0.22294553528281708,0.48340864719649024
8723,0.25060741261246494,0.46012038919607384,0.28927219819146116
8724,0.153922970988994,0.12499333976201121,0.7210836892489948
8725,0.21957932777745914,0.08894024161580583,0.691480430606735
8726,0.24235154905393738,0.3558121882319776,0.4018362627140851
8727,0.26902963713809935,0.4513825132935149,0.2795878495683858
8728,0.3178267396351316,0.3703644256674494,0.3118088346974191
8729,0.1376866040029062,0.8274627483682185,0.03485064762887532
8730,0.3038640812439436,0.44416966214123366,0.25196625661482286
8731,0.2243252933920459,0.6212815812453288,0.1543931253626253
8732,0.23649957258294663,0.42446286806190553,0.33903755935514784
8733,0.28514692011709286,0.40806729846052364,0.30678578142238355
8734,0.19257164843901461,0.7090810391883997,0.09834731237258569
8737,0.27617941058437884,0.40044102596798115,0.32337956344764
8738,0.257318776429547,0.17073849548638692,0.5719427280840661
8739,0.2598920063682288,0.415891749135414,0.3242162444963571
8740,0.29000078911136723,0.4988425316031021,0.21115667928553072
8741,0.2167474033386739,0.2091209524527585,0.5741316442085677
8742,0.27134408471020854,0.3059466577126207,0.42270925757717076
8743,0.14676169145675733,0.8360590347519865,0.017179273791256125
8744,0.24321262193432874,0.6337468503920467,0.12304052767362463
8745,0.2426650313765044,0.4596966106254656,0.2976383579980299
8746,0.32036075502669636,0.5080565726296697,0.17158267234363367
8747,0.21210916079689948,0.5504212180610567,0.23746962114204379
8748,0.22403566724388277,0.5879544566445217,0.1880098761115956
8749,0.27074812951945243,0.30176336121704134,0.4274885092635062
8750,0.1769588585343509,0.7549535042793846,0.06808763718626461
8751,0.23463173896421985,0.3090285435549727,0.4563397174808075
8752,0.2598306021094176,0.522304243011343,0.21786515487923924
8753,0.21204095598711642,0.5332724925506707,0.254686551462213
8754,0.29321075212726705,0.22120596014212301,0.48558328773060994
8755,0.26062863313234513,0.3576946048166257,0.3816767620510292
8756,0.24498820618488953,0.5743600422017283,0.18065175161338207
8758,0.22268726240457093,0.13703245373535602,0.6402802838600731
8759,0.25724698988798994,0.39537522599324754,0.3473777841187626
8760,0.2342522482398226,0.3418713550720602,0.4238763966881173
8761,0.32117061872229796,0.438167486772624,0.2406618945050779
8762,0.2644531280826254,0.6154584850599613,0.12008838685741335
8763,0.22932766263370213,0.47427685626356647,0.2963954811027314
8764,0.2551803661241058,0.7068551633926287,0.03796447048326567
8765,0.21667958097821421,0.23588707950079787,0.5474333395209879
8766,0.24874765369717694,0.5288469309725351,0.22240541533028793
8767,0.2612598540311939,0.38636509766522675,0.3523750483035793
8768,0.27277137733025986,0.2256161500579266,0.5016124726118135
8769,0.12735203232988626,0.8421489141787531,0.03049905349136062
8770,0.27294270050143554,0.3505421670475828,0.3765151324509816
8771,0.221635453146968,0.1480827529188383,0.6302817939341936
8772,0.26274924517344767,0.5790228505099285,0.15822790431662376
8773,0.1530468008108899,0.7125007377776003,0.13445246141150988
8774,0.23800032913239552,0.4749921326634104,0.28700753820419406
8775,0.2562505580255478,0.48388934752575075,0.2598600944487015
8776,0.2892355320142744,0.6228937946041765,0.08787067338154911
8777,0.30857246791089377,0.2995375949085765,0.3918899371805296
8778,0.22757543375540323,0.3710683519653338,0.401356214279263
8779,0.23975924708268137,0.5658168021191756,0.19442395079814298
8780,0.2660482465897945,0.2690015503714815,0.4649502030387241
8781,0.2636101523276706,0.4365697126367661,0.2998201350355633
8782,0.15279708661334232,0.8089583924356443,0.03824452095101338
8783,0.25389749147646357,0.30798518934899854,0.43811731917453783
8784,0.161963649010007,0.27042903473906327,0.5676073162509296
8785,0.2529974553211772,0.24428608688096903,0.5027164577978538
8786,0.29161763930477624,0.3567440031921744,0.3516383575030494
8787,0.2387076069969247,0.5487422559226584,0.212550137080417
8788,0.23336253414762284,0.33423440654459347,0.43240305930778367
8789,0.21306297290907522,0.17834211221076185,0.6085949148801629
8790,0.3134207365595334,0.345856121651837,0.3407231417886295
8791,0.2711083326902473,0.4758234777332567,0.253068189576496
8792,0.15776586185961688,0.736960737146457,0.1052734009939261
8793,0.25751939056728285,0.6830982262789002,0.05938238315381712
8794,0.2539143979778783,0.5937409904493842,0.15234461157273743
8795,0.1645680180061225,0.7303748150326999,0.10505716696117771
8796,0.21218757970544225,0.6897332342179463,0.09807918607661142
8797,0.14626059199910202,0.8268612015948028,0.026878206406095274
8798,0.23556533056218848,0.4169985089071243,0.34743616053068715
8799,0.3236208666732693,0.4910998919734446,0.18527924135328613
8800,0.20550966321275274,0.7632860758651143,0.031204260922132878
8801,0.28895740431204514,0.3269776092080844,0.3840649864798704
8802,0.2281692537912188,0.4090238823342591,0.36280686387452205
8803,0.29039094641423124,0.4379265402326755,0.2716825133530933
8804,0.25062080633006634,0.3853012221489953,0.36407797152093835
8805,0.2269517794919646,0.47260089202286704,0.30044732848516836
8806,0.2902735880414147,0.4229287202241345,0.2867976917344508
8807,0.2224082703250165,0.5662445125608371,0.2113472171141465
8808,0.24787258479122945,0.5227238263071162,0.2294035889016542
8809,0.3027707019474414,0.4417828845158714,0.25544641353668734
8810,0.2115281365628156,0.4295915363113934,0.3588803271257909
8811,0.23435159360252322,0.19794393582471245,0.5677044705727644
8812,0.25550885938891227,0.3535192505452427,0.39097189006584504
8813,0.25619833500476635,0.43457996162412615,0.3092217033711074
8814,0.2701477753497051,0.47766153367458897,0.25219069097570584
8815,0.24527778701344566,0.6781039782877687,0.07661823469878573
8816,0.25435290101352837,0.5683072583447837,0.17733984064168795
8818,0.27762656993795815,0.37781724472593115,0.3445561853361108
8819,0.31878571894020963,0.42178807545035263,0.25942620560943774
8820,0.22477419345382968,0.23178165602842948,0.5434441505177409
8821,0.18881453507392293,0.7240230565036379,0.08716240842243916
8822,0.2535781005458978,0.5657282849379583,0.18069361451614377
8823,0.15557686499462778,0.7781315686899829,0.06629156631538925
8824,0.25484354601375475,0.5640559501692683,0.1811005038169771
8825,0.23182062335554016,0.5264915059090957,0.2416878707353641
8826,0.27919489395618097,0.5649496700340704,0.1558554360097487
8827,0.16023499075790884,0.13531194703279853,0.7044530622092927
8828,0.2591754755090353,0.5177296096634881,0.22309491482747665
8829,0.29375551080078344,0.3791236633772168,0.3271208258219996
8830,0.2761646098487775,0.5166532455973368,0.20718214455388567
8831,0.25079071907473605,0.648501512841905,0.10070776808335889
8832,0.2411131102028036,0.43323767240769906,0.3256492173894974
8833,0.27200625773062104,0.4425278031984265,0.2854659390709525
8960,0.2588555013512211,0.15809223808191147,0.5830522605668674
8961,0.338501981051079,0.5776771708454925,0.08382084810342853
8962,0.2801511409203657,0.17548193661336114,0.5443669224662732
8963,0.20081071230961675,0.6778758789783038,0.12131340871207931
8965,0.288400046190264,0.1659445544965205,0.5456553993132155
8966,0.3320676393467931,0.44667291351272775,0.22125944714047915
8967,0.3301476424708107,0.2364889406971802,0.433363416832009
8968,0.32168070932042603,0.42800592621378475,0.25031336446578917
8969,0.3213116718396867,0.4535270284010029,0.22516129975931043
8970,0.2224813166540125,0.6925249244639866,0.084993758882001
8971,0.2676105198464136,0.5259210207630934,0.206468459390493
8972,0.2954185951979044,0.5261685078335382,0.17841289696855733
8973,0.0919955111693427,0.11959317876803752,0.7884113100626198
8974,0.307760852353633,0.16529861775840254,0.5269405298879645
8975,0.29175502059373026,0.15439131271286763,0.5538536666934021
8976,0.24183928013948,0.5782789542422616,0.1798817656182583
8977,0.3533798695894857,0.35175632595581124,0.29486380445470306
8978,0.04842208477034543,0.8627292431620994,0.08884867206755515
8979,0.30491703708742374,0.5842972912884192,0.11078567162415698
8980,0.328837407581768,0.34815958883740294,0.32300300358082906
8981,0.27566436650952625,0.6599070641245014,0.06442856936597242
8982,0.2750968813920351,0.5871134730087503,0.1377896455992145
8983,0.3035939662313938,0.36367584083050636,0.33273019293809986
8984,0.2976958640840512,0.4226013624750974,0.2797027734408514
8985,0.33504364074458254,0.31100820566375326,0.3539481535916641
8986,0.3415741556871836,0.34465576066810294,0.31377008364471354
8987,0.20582707919464804,0.7475554529712536,0.04661746783409846
8988,0.27076965563857264,0.37660235125898067,0.3526279931024466
8989,0.19503733588175773,0.7512798932601881,0.0536827708580542
8990,0.31531212899713756,0.45853106327553295,0.2261568077273295
8991,0.25085858121588783,0.09096407805963977,0.6581773407244723
8992,0.33315646940569527,0.2526757207067843,0.4141678098875205
8993,0.32859468865242797,0.4031546524911997,0.2682506588563724
8994,0.2869223797537721,0.2153812599998333,0.4976963602463946
8995,0.30873659398797143,0.4150576145136548,0.2762057914983736
8996,0.1004021327613082,0.871322967615707,0.028274899622984757
8997,0.3254805894022752,0.5705595286626561,0.10395988193506873
8998,0.27688751990121235,0.36803284383136065,0.355079636267427
8999,0.2952809543089981,0.3303720084065867,0.37434703728441515
9000,0.34410718659932993,0.4543567858323972,0.20153602756827288
9001,0.23477452643384888,0.608818352019224,0.15640712154692718
9002,0.31947490791149463,0.41268019930174843,0.2678448927867568
9003,0.32392315415369116,0.2841389877173946,0.3919378581289142
9004,0.2557325295167468,0.31216007099944165,0.43210739948381155
9005,0.2592896272857207,0.549105072111118,0.1916053006031612
9006,0.339576467980214,0.428049414575225,0.23237411744456102
9007,0.29871692201886185,0.481737712334473,0.2195453656466651
9008,0.2799388086183986,0.5800389852926113,0.14002220608898996
9009,0.3377811543271559,0.26337548181530757,0.39884336385753666
9010,0.2310598973997389,0.1419237147255509,0.6270163878747103
9011,0.3810547112459597,0.289853106108587,0.3290921826454535
9012,0.22908786295824524,0.6845337706251124,0.08637836641664227
9013,0.28785324809766344,0.5181327426936039,0.19401400920873277
9014,0.2928313043901927,0.5316031348634327,0.17556556074637464
9015,0.3191032683537817,0.35165736086380467,0.3292393707824136
9016,0.24563141636687988,0.6403517513165845,0.11401683231653557
9017,0.2831300723592043,0.44290655427262926,0.2739633733681664
9018,0.21388130423295185,0.7341949545418289,0.051923741225219186
9019,0.141420112084162,0.8416348423381474,0.016945045577690596
9020,0.24683939272238167,0.6994907161353504,0.053669891142267896
9021,0.33882768986526196,0.3305673504966282,0.3306049596381099
9022,0.19064390643245835,0.19729056772269757,0.6120655258448441
9023,0.3002871048830403,0.35079063015968914,0.3489222649572707
9024,0.08338040360338422,0.90050599954989,0.016113596846725853
9025,0.27281648447639184,0.40438014549177903,0.3228033700318292
9026,0.2527146532195923,0.5296490292459692,0.2176363175344385
9027,0.31763656101891974,0.3320703338195832,0.35029310516149703
9028,0.2276922178386851,0.5680025485855139,0.20430523357580097
9029,0.3510123007371541,0.39154545327708273,0.2574422459857631
9030,0.22786900333020169,0.3430982332779068,0.4290327633918916
9031,0.2678817509673195,0.5034955488704501,0.2286227001622303
9032,0.3509514601529085,0.3693593736209729,0.2796891662261188
9033,0.30852717464150964,0.20246961013527245,0.48900321522321794
9034,0.23958408065501863,0.23713297657111215,0.5232829427738693
9035,0.24943483945735564,0.6395764519255863,0.11098870861705816
9036,0.3249467057194547,0.4001868036638531,0.27486649061669205
9037,0.27720638835928385,0.40106503539454186,0.32172857624617435
9038,0.28698101590283975,0.363997635005422,0.3490213490917384
9039,0.2737999357740888,0.6487096069705804,0.07749045725533085
9040,0.22325998682452552,0.11305900274364061,0.6636810104318339
9041,0.11557525214608677,0.8297526181569279,0.05467212969698529
9042,0.057539648059886796,0.8972062881335808,0.0452540638065323
9043,0.2619283906093231,0.4747068030033987,0.26336480638727816
9044,0.20804936555367032,0.4865966308324885,0.30535400361384124
9045,0.26326173392281277,0.30939782746679656,0.4273404386103907
9046,0.09247478676150954,0.8728831133955252,0.03464209984296532
9047,0.17487093160806985,0.7647150651785823,0.06041400321334793
9048,0.23885588038608888,0.2553427122226116,0.5058014073912995
9049,0.33610197115153667,0.38308457668559487,0.28081345216286846
9050,0.32828361111872995,0.3776963531799999,0.2940200357012702
9051,0.12804556891988303,0.8657122605974069,0.006242170482709967
9052,0.3071795308493563,0.4816209278764467,0.211199541274197
9053,0.3055683014331929,0.2243910286197374,0.4700406699470698
9054,0.25987248436533034,0.4138412962030791,0.32628621943159064
9055,0.10662495673968207,0.8373663759962547,0.05600866726406308
9056,0.23452771466062594,0.6803418361478507,0.08513044919152352
9057,0.2969305578153149,0.35585306324148713,0.3472163789431979
9058,0.2766554634054236,0.40305103704947487,0.32029349954510167
9059,0.24058645528173922,0.6272965578337302,0.13211698688453066
9060,0.29341679253260466,0.402446899071916,0.3041363083954793
9061,0.21947438645687084,0.17430646504252492,0.6062191485006042
9062,0.3172349498305568,0.5513178170257296,0.13144723314371362
9063,0.2605982241857898,0.3549585756209661,0.384443200193244
9064,0.1618122421304216,0.08962935736282818,0.7485584005067503
9065,0.2766366528383803,0.4933384634037916,0.23002488375782815
9066,0.24237078557270123,0.10826144226258967,0.6493677721647091
9067,0.2339641266251311,0.5866752645780441,0.17936060879682475
9068,0.23003943239487026,0.7508109110335074,0.01914965657162228
9069,0.28646992263892684,0.43847051492397116,0.275059562437102
9070,0.08885344012289265,0.8947504332576773,0.016396126619429942
9071,0.27699292248240914,0.43162203600614746,0.29138504151144334
9072,0.2078795977858777,0.4736807790938383,0.31843962312028407
9073,0.24820170750438547,0.5987062401428634,0.15309205235275103
9074,0.3305964668080612,0.37453048513315157,0.29487304805878717
9075,0.26039650481695215,0.6402417845587451,0.0993617106243027
9076,0.23382863743722976,0.502028043650691,0.2641433189120792
9077,0.26835576095207475,0.4689854932745794,0.2626587457733459
9078,0.27880016446133005,0.4926675778045995,0.22853225773407032
9079,0.256688563878923,0.6323056083272945,0.11100582779378236
9080,0.21501855880740775,0.41473559979779145,0.3702458413948008
9081,0.27102528330708825,0.4251787603035614,0.3037959563893505
9082,0.11042906975986166,0.009104398591752445,0.8804665316483858
9083,0.20741382240901046,0.09966803825037249,0.6929181393406171
9084,0.254531391478905,0.5586219164269687,0.18684669209412633
9085,0.2810566622585881,0.41922528601616743,0.2997180517252445
9086,0.24798277160977802,0.5500470196059553,0.2019702087842668
9087,0.31060651371181686,0.485687593559123,0.20370589272906026
9088,0.1853894848062163,0.7990968992795745,0.01551361591420931
9089,0.28976172761591185,0.403685225105753,0.3065530472783351
9090,0.18671805528798405,0.7241559986869297,0.08912594602508624
9091,0.12803867456417498,0.8445903729113122,0.027370952524512885
9092,0.1994531992183559,0.7664343443743098,0.0341124564073343
9093,0.2723161896110374,0.26916044313196713,0.45852336725699544
9094,0.21159295199455083,0.18663079169470864,0.6017762563107405
9096,0.23859986384041582,0.615657208776175,0.14574292738340902
9097,0.19388774811985007,0.7068339090333061,0.09927834284684381
9098,0.20933803919767227,0.678306554995127,0.11235540580720073
9099,0.14256009669354308,0.17638871735674935,0.6810511859497076
9100,0.26142394981994005,0.5960496749184488,0.1425263752616111
9101,0.12709449444036067,0.08343005211481547,0.7894754534448238
9102,0.06883750577649594,0.009805327032665121,0.9213571671908389
9103,0.2554715144090856,0.5354242218116011,0.20910426377931327
9104,0.21283985724571472,0.20153264747917096,0.5856274952751144
9105,0.2552097573405657,0.7123679511586768,0.032422291500757504
9106,0.25631440437712927,0.3381761681094282,0.4055094275134426
9107,0.25463455075950764,0.12479624132397799,0.6205692079165144
9108,0.2956702024775039,0.47798775665519533,0.22634204086730086
9109,0.2457030203538003,0.6452883397023864,0.1090086399438132
9110,0.053284807004636996,0.9417997997182496,0.0049153932771135965
9111,0.27464567528722367,0.5918028750583944,0.13355144965438198
9112,0.2316663423166288,0.6955708986874352,0.07276275899593602
9113,0.2550241766914501,0.40087989212009806,0.34409593118845183
9114,0.22671406369642244,0.4059631467296485,0.36732278957392894
9115,0.16839184329043055,0.7782206275494467,0.053387529160122744
9116,0.22469437381103993,0.21900277928664405,0.5563028469023161
9117,0.24932954166521804,0.6904484903610983,0.060221967973683614
9118,0.05691617752062253,0.008552517676069016,0.9345313048033085
9119,0.20779493522629094,0.612845980767936,0.17935908400577305
9120,0.3176617362882681,0.4105474970509766,0.2717907666607554
9121,0.2595162195901166,0.45847433760734957,0.2820094428025338
9122,0.2356572971065768,0.7019072490500793,0.06243545384334405
9123,0.24841677809011306,0.4345945100151403,0.3169887118947467
9124,0.03019717474327558,0.9437084125053364,0.026094412751387904
9126,0.22435204185490773,0.5901845565953274,0.1854634015497649
9127,0.18301586317877735,0.13573774453864498,0.6812463922825777
9128,0.23663616794823908,0.38857819349850986,0.37478563855325103
9129,0.2216681528516104,0.6473328803511732,0.13099896679721634
9130,0.24801118761042,0.46081814801880555,0.2911706643707743
9131,0.27065280155518784,0.5924723495195477,0.13687484892526447
9132,0.14542611473560554,0.7816410480760851,0.07293283718830922
9133,0.22702568000470652,0.4208664034206068,0.35210791657468665
9134,0.25421369308228103,0.6052478598563541,0.14053844706136476
9135,0.08384127837613728,0.007148175748588604,0.9090105458752741
9136,0.22232637621999576,0.47952062172869486,0.2981530020513093
9137,0.18293314066089295,0.20776752925062425,0.6092993300884828
9138,0.10123625217317819,0.8249609934850092,0.07380275434181267
9139,0.2560423053657536,0.6168866984539781,0.12707099618026815
9266,0.3282896861739554,0.4159824165471488,0.2557278972788959
9267,0.34475095090428176,0.3545219352896536,0.3007271138060647
9268,0.2967701056970325,0.452944630895099,0.2502852634078685
9269,0.2786913205536715,0.4936791862023008,0.22762949324402776
9270,0.29997298079846796,0.5149359409591084,0.1850910782424237
9271,0.32496637384806465,0.380853147408032,0.29418047874390346
9272,0.25105498359340755,0.5057327693019659,0.2432122471046268
9273,0.2719535029733555,0.4743230332828307,0.25372346374381366
9274,0.17336192076998694,0.7323892983850492,0.09424878084496392
9275,0.2650281562413174,0.14237193661913433,0.5925999071395482
9276,0.34642460064965175,0.30823625940916877,0.34533913994117943
9277,0.26204952736755305,0.46070504440011245,0.27724542823233445
9278,0.29788649305950804,0.5345654075838133,0.16754809935667872
9279,0.22489343217896085,0.248009377386312,0.5270971904347271
9280,0.2976433899722211,0.48060014550013325,0.22175646452764575
9281,0.24419271526201602,0.07889871799403901,0.6769085667439448
9282,0.28199215942091177,0.45400911689160967,0.26399872368747856
9283,0.33925039310542,0.4231427379689267,0.23760686892565328
9284,0.23581250617928418,0.591071245236543,0.17311624858417296
9285,0.0806599023208689,0.8351836684999633,0.08415642917916785
9286,0.28221820596018676,0.4706948228657386,0.2470869711740746
9287,0.14096343520889149,0.7748732551556868,0.08416330963542172
9288,0.30662241302246174,0.36802491991548236,0.32535266706205596
9289,0.31412902403420345,0.27748953088043765,0.40838144508535895
9290,0.11468424687932431,0.814276265717488,0.07103948740318765
9291,0.26633256227878344,0.1922876868733797,0.541379750847837
9292,0.27344937783515194,0.36736172422119523,0.35918889794365294
9293,0.2022430130087162,0.6814594617063153,0.11629752528496835
9294,0.21735020020953746,0.6761321816138748,0.10651761817658777
9295,0.18161152768310643,0.09979041697564488,0.7185980553412487
9296,0.24505960035054983,0.5670070455304217,0.18793335411902845
9297,0.294934905982492,0.44413795048152926,0.2609271435359787
9298,0.24740973225553706,0.13236918671552098,0.620221081028942
9299,0.2957407411217991,0.4426414627196253,0.2616177961585755
9300,0.2771251664845744,0.32845293146019555,0.39442190205523003
9301,0.27908784177846385,0.6190481591932305,0.10186399902830552
9302,0.178833569701578,0.6941542722465391,0.1270121580518828
9303,0.24565842658780337,0.28781572335842026,0.46652585005377645
9304,0.20909913907632569,0.7251556887520497,0.0657451721716246
9305,0.1723050529164281,0.7262681967115583,0.10142675037201362
9306,0.2877678879275319,0.52717857071094,0.18505354136152802
9307,0.15543678118646428,0.7639120580219493,0.08065116079158649
9308,0.34366702483178596,0.1962042778955231,0.46012869727269085
9309,0.23567343546389888,0.633486388233158,0.13084017630294323
9310,0.14736192618770577,0.7739604560179825,0.0786776177943118
9311,0.2952839406944461,0.4001534257427721,0.30456263356278196
9312,0.24894392195019557,0.5207511832568003,0.23030489479300412
9313,0.2696945311071356,0.28457761420861266,0.44572785468425186
9314,0.27790234697168564,0.34789296024039906,0.37420469278791535
9315,0.23874078012167774,0.5849587385345829,0.1763004813437394
9316,0.1704165347386728,0.7311915108000565,0.09839195446127068
9317,0.2703857496734047,0.30139814802395154,0.4282161023026438
9318,0.2933958509943626,0.38599012734416444,0.32061402166147307
9319,0.15553241064374773,0.031159362828227347,0.8133082265280249
9320,0.23804715236442367,0.5322831482238168,0.22966969941175952
9321,0.29261567449016357,0.35377650847471054,0.3536078170351258
9322,0.26991752277405007,0.3483272581657064,0.38175521906024357
9323,0.117734564153616,0.8200934002673567,0.06217203557902733
9324,0.025434670588328608,0.9656640113144063,0.008901318097265106
9325,0.269373527316866,0.19615679672567043,0.5344696759574636
9326,0.2090755209417418,0.5346391896168485,0.2562852894414097
9327,0.28419524531929896,0.3593919214068314,0.3564128332738697
9328,0.1648653772469007,0.7324898706959908,0.10264475205710852
9329,0.06024960744356568,0.9076119398672347,0.03213845268919968
9330,0.2049517870301511,0.6046518443492143,0.19039636862063472
9331,0.3098081167213275,0.29131746795602226,0.3988744153226502
9332,0.15166252776412897,0.8104764607327417,0.037861011503129254
9333,0.2083759307347492,0.11559040941090579,0.6760336598543452
9334,0.09576332619211989,0.8266851745709143,0.07755149923696582
9335,0.2853014108717617,0.3321669368850244,0.382531652243214
9336,0.2423841888522611,0.42383895049637343,0.3337768606513655
9337,0.2712855155757429,0.48584651654391825,0.24286796788033896
9338,0.2983277237199193,0.3641543412036768,0.3375179350764039
9339,0.21653356122286302,0.19656512574790144,0.5869013130292354
9340,0.2707740964224242,0.527335233657228,0.2018906699203477
9341,0.20542262010687606,0.7298199932327868,0.06475738666033712
9342,0.15209562935399293,0.7588661039972977,0.08903826664870933
9343,0.3258151273789022,0.3647822118663635,0.30940266075473427
9344,0.28850723296849473,0.31225457539367424,0.399238191637831
9345,0.2287261936383212,0.2770024269287212,0.4942713794329576
9346,0.21186269326310733,0.6671303340385367,0.12100697269835603
9347,0.23013897064535407,0.6166692529394957,0.15319177641515025
9348,0.09400570979251559,0.8884331303919175,0.017561159815566815
9349,0.2496094371234112,0.43122120819948134,0.3191693546771075
9350,0.2561431921284218,0.5526060777475457,0.19125073012403246
9351,0.2006966829125308,0.7315500947165055,0.06775322237096379
9352,0.06561632760020139,0.9267529249234717,0.007630747476326982
9353,0.22611766933163394,0.5420959945391013,0.23178633612926489
9354,0.2342008580925192,0.5427843231484013,0.22301481875907941
9355,0.22028874812453497,0.6030544220391709,0.17665682983629424
9356,0.2858026371757762,0.3894424519380841,0.32475491088613956
9357,0.2958618783617096,0.37601259367419504,0.3281255279640953
9358,0.2841528189451146,0.5360213373667289,0.17982584368815668
9359,0.22979114453134422,0.22436068512463808,0.5458481703440177
9360,0.19379536860462684,0.6779878875168257,0.12821674387854737
9361,0.2770116221215401,0.44000074794094374,0.28298762993751614
9362,0.30234957690656233,0.3984789852499305,0.2991714378435072
9363,0.26965267690711364,0.5437350955380824,0.18661222755480392
9364,0.28376685553093584,0.42482086541683706,0.29141227905222716
9365,0.2352033207729742,0.6381649954526162,0.12663168377440956
9366,0.10734059270285443,0.0611998849048861,0.8314595223922595
9367,0.1545134226191946,0.7479122723783256,0.09757430500247988
9368,0.21043059782477108,0.6029396988770294,0.18662970329819956
9369,0.1990088191014437,0.5866579810931083,0.21433319980544796
9370,0.20975172606925682,0.5055519447240602,0.2846963292066831
9371,0.28214941164953744,0.5310980380668038,0.18675255028365886
9372,0.1978684228681581,0.6191863232359379,0.18294525389590396
9373,0.26774995775818683,0.5454176907068271,0.18683235153498612
9374,0.18358605866880862,0.24692173975716292,0.5694922015740285
9375,0.26089812621423764,0.4340002976606391,0.3051015761251234
9376,0.06501761422391542,0.8941995447340287,0.04078284104205577
9377,0.2826420012018328,0.39210801288981734,0.3252499859083499
9378,0.15719544471330263,0.7548008362194772,0.08800371906722013
9379,0.26716794719539894,0.5406080942847674,0.19222395851983357
9380,0.20445492815025157,0.6490747668217388,0.14647030502800962
9381,0.290243761506555,0.37259555053269244,0.3371606879607525
9382,0.1192306363115709,0.04289267461747381,0.8378766890709552
9383,0.24696665179841545,0.6564363280687993,0.09659702013278545
9384,0.22123553606422053,0.5801057799432416,0.19865868399253783
9385,0.28502164804919394,0.4990001452980136,0.21597820665279244
9386,0.1840110403577382,0.7049460144552121,0.11104294518704963
9387,0.27669708390010495,0.42701283724967637,0.2962900788502187
9388,0.25855388919457784,0.5462206080744455,0.1952255027309765
9389,0.19003993451452647,0.33711356424563615,0.47284650123983735
9390,0.2300477911301873,0.4927567954861661,0.27719541338364667
9391,0.18848401839315082,0.21825937885427266,0.5932566027525765
9392,0.2444989608136582,0.4863027284727505,0.26919831071359124
9393,0.25086705449444774,0.3620660161170552,0.38706692938849707
9394,0.13996525142040017,0.770362096040274,0.08967265253932588
9395,0.21997393362952394,0.25706987715052176,0.5229561892199542
9396,0.31509600400922066,0.44165883210251455,0.24324516388826486
9397,0.18152987473370585,0.7685901665754868,0.049879958690807275
9398,0.2050555560089946,0.4825244073584127,0.3124200366325927
9399,0.1290284799283863,0.7826814667039544,0.08829005336765913
9400,0.24697915120331085,0.5302437221776319,0.2227771266190572
9401,0.15927346641459536,0.7741521747644754,0.06657435882092935
9402,0.23688482561211766,0.35323373855612167,0.40988143583176057
9403,0.22156662837059243,0.6574695823445016,0.12096378928490595
9404,0.22288239612083588,0.5007241876650756,0.27639341621408847
9405,0.176486749947165,0.3196587674871989,0.503854482565636
9406,0.18248136695722533,0.7239472824807096,0.09357135056206496
9407,0.24304069915932522,0.6837892989104066,0.07317000193026812
9408,0.17727940190570257,0.7107498704967508,0.11197072759754673
9409,0.2392158005561537,0.5355051001059888,0.22527909933785742
9410,0.20199580461867003,0.5303326267745219,0.2676715686068081
9411,0.12171546839714767,0.7962304306846945,0.08205410091815792
9412,0.25435587257703823,0.6084456979706938,0.137198429452268
9413,0.2545841602636844,0.4310435864539323,0.31437225328238316
9414,0.1845079602952285,0.3705036313078199,0.4449884083969517
9415,0.16295145338557632,0.21671111935470416,0.6203374272597195
9416,0.27438137428689624,0.5215965150443865,0.2040221106687172
9417,0.15010376119128147,0.25106347992056477,0.5988327588881538
9418,0.07865323873083074,0.829216903041731,0.09212985822743827
9419,0.18232923928593317,0.377340287649836,0.4403304730642307
9420,0.07642598396909019,0.05842129511551764,0.8651527209153922
9421,0.23180991485802604,0.22459090324939837,0.5435991818925756
9422,0.13918958653980698,0.6829223956519398,0.1778880178082532
9423,0.14977528158899175,0.700380453096004,0.14984426531500408
9424,0.055701064000257434,0.9029468594594121,0.04135207654033049
9425,0.2185596603546179,0.583168374941865,0.19827196470351716
9426,0.2489036776797081,0.5887465756648924,0.16234974665539953
9427,0.23770153102723865,0.31460270649252137,0.44769576248024007
9428,0.2009239435183339,0.34570587582021045,0.4533701806614557
9429,0.08291947192532088,0.914400115085715,0.002680412988964045
9430,0.1662617999389804,0.21269237195848772,0.6210458281025318
9431,0.21504229974647598,0.21318923128821712,0.5717684689653069
9432,0.28502886799360866,0.38608188427273527,0.328889247733656
9433,0.07936170874049678,0.8662230792866361,0.05441521197286713
9434,0.14256163861747162,0.7675839608662579,0.0898544005162706
9435,0.2001842953756331,0.5334770852674066,0.26633861935696035
9436,0.2194795442415967,0.4470388644933943,0.3334815912650089
9437,0.21428876337872207,0.3469222802084816,0.4387889564127964
9438,0.21504927824062753,0.5898474530526501,0.1951032687067225
9439,0.20883016742126168,0.620508593031004,0.17066123954773435
9440,0.19136452198846404,0.5758767435002202,0.23275873451131568
9441,0.19006198903109456,0.6986073698370846,0.11133064113182084
9442,0.2663041469047804,0.4126910239772094,0.32100482911801015
9443,0.2680904829480056,0.526774109655665,0.2051354073963295
9444,0.22493803866033524,0.3365471246911917,0.438514836648473
9445,0.26188856961206464,0.5330515499081169,0.20505988047981852
9572,0.14639783462579134,0.7710731100974347,0.08252905527677398
9573,0.24505615947512105,0.5695904885029408,0.18535335202193812
9574,0.34336426489138405,0.3858676847683859,0.2707680503402299
9575,0.3353296537215403,0.2978838261106461,0.36678652016781355
9576,0.027394548248022458,0.9638683464177973,0.00873710533418025
9577,0.30925293947302035,0.29019826597380566,0.4005487945531741
9578,0.28432782763993697,0.5451550439362495,0.17051712842381347
9579,0.2707416615431438,0.23628389940760394,0.4929744390492523
9580,0.30713792985434935,0.33724011519395347,0.3556219549516971
9581,0.31538016870493946,0.37132437203702096,0.3132954592580396
9582,0.06599987234903054,0.8965350770305952,0.037465050620374404
9583,0.04843069405884346,0.924944297535704,0.026625008405452653
9584,0.22408122517686152,0.1921938666888101,0.5837249081343284
9585,0.04920980376714291,0.9194689089957474,0.031321287237109655
9586,0.2878902334781443,0.333470828747815,0.37863893777404084
9587,0.1777835605967586,0.09948897164118543,0.722727467762056
9588,0.2574671746632973,0.2960090205309805,0.4465238048057222
9589,0.29318113443799376,0.4451961253758874,0.26162274018611886
9590,0.3508020553441528,0.3053419481101012,0.343855996545746
9591,0.2507281965648041,0.52094860750622,0.22832319592897599
9592,0.19016483017298838,0.7252253742463883,0.0846097955806233
9593,0.25500180691850904,0.5925840355827342,0.15241415749875678
9594,0.26586790990554116,0.588314237251033,0.14581785284342585
9595,0.07929616000389855,0.8771559556148649,0.043547884381236544
9596,0.26322422170795623,0.24441812771052682,0.49235765058151704
9597,0.3328760741049702,0.30788170994590824,0.35924221594912153
9598,0.21937581321966468,0.3436355982706948,0.43698858850964045
9599,0.281252099105666,0.47257947825017216,0.2461684226441618
9600,0.3082065952937122,0.1938597913526806,0.4979336133536072
9601,0.09370686325277966,0.8541786624842274,0.052114474262992934
9602,0.3122525491854081,0.2443401439678367,0.4434073068467553
9603,0.18802355606566254,0.14486681868260806,0.6671096252517293
9604,0.2950623288137872,0.5572598009042751,0.14767787028193774
9605,0.20830004077269546,0.16928291972793164,0.6224170394993729
9606,0.2986539190654302,0.4161739044169146,0.2851721765176552
9607,0.28222725666876597,0.5508583969004524,0.16691434643078168
9608,0.08513100199416929,0.8531803959285044,0.06168860207732636
9609,0.16549044344779623,0.6430081097335252,0.1915014468186786
9610,0.2323066336130033,0.5764413333326283,0.19125203305436847
9611,0.1480238437830972,0.7876353792851789,0.06434077693172394
9612,0.2732935681982219,0.2195420242705226,0.5071644075312555
9613,0.29389992583567315,0.3489191287852254,0.3571809453791015
9614,0.2540221642986829,0.5541841148473492,0.191793720853968
9615,0.1265844496303645,0.7216107670544429,0.15180478331519262
9616,0.3106516265349604,0.434402535294558,0.25494583817048166
9617,0.17534941981876948,0.6672283487862415,0.15742223139498898
9618,0.23081144465341058,0.3184253426409849,0.45076321270560443
9619,0.25888518304693875,0.5137167968480151,0.2273980201050462
9620,0.27969355968363996,0.4202503735329,0.3000560667834602
9621,0.23560845865104094,0.2787660270206553,0.4856255143283038
9622,0.09016212067949826,0.8665916727768694,0.043246206543632315
9623,0.3494153413259929,0.3174323613312207,0.3331522973427864
9624,0.22904480935045118,0.036569557519415916,0.7343856331301328
9625,0.22058501096640828,0.6310054893150553,0.14840949971853643
9626,0.1361197324311681,0.7745382965191221,0.08934197104970973
9627,0.023102383605976873,0.9460249330830648,0.03087268331095845
9628,0.25371788182604327,0.3073747315839581,0.4389073865899985
9629,0.26044098157014567,0.4717435819687949,0.2678154364610594
9630,0.2612226708590299,0.25970821798295457,0.4790691111580155
9631,0.23404921931863207,0.5679392358811346,0.19801154480023334
9632,0.02570659207216857,0.9549650557955531,0.019328352132278286
9633,0.31202140824711566,0.34596714769278925,0.3420114440600951
9634,0.2445754586184976,0.645272702705314,0.11015183867618837
9635,0.12920257852020706,0.739266981155196,0.131530440324597
9636,0.2337123300976381,0.5903677986367162,0.17591987126564568
9637,0.21558884814981258,0.6429721057688151,0.1414390460813722
9638,0.2917576494025197,0.4034840143072607,0.3047583362902196
9639,0.3113348739952761,0.2635384214355736,0.42512670456915025
9640,0.23070994723456384,0.22377372500295953,0.5455163277624766
9641,0.1615949885764845,0.7781761071976786,0.06022890422583687
9642,0.24902884615474802,0.23055156834114265,0.5204195855041094
9643,0.19932107903369461,0.7104199310187373,0.09025898994756792
9644,0.28579690441936595,0.45031851161086073,0.2638845839697733
9645,0.24120833808045475,0.5190663834362563,0.23972527848328884
9646,0.2808474227855012,0.3156229811117809,0.4035295961027179
9647,0.12415163539564204,0.7578746370073509,0.11797372759700704
9648,0.23022173556379374,0.6017992099308724,0.1679790545053338
9649,0.12037373107997897,0.03245134543086679,0.8471749234891542
9650,0.09239775356890276,0.8269921755855437,0.08061007084555355
9651,0.16874815856132191,0.7095590018356469,0.12169283960303114
9652,0.28294480095069513,0.35930135879448166,0.35775384025482326
9653,0.27575367325627503,0.28638761925853196,0.43785870748519307
9654,0.2781023416934889,0.4578655871051029,0.26403207120140815
9655,0.1738514775979109,0.6734474428221251,0.15270107957996393
9656,0.19242581316249194,0.7124296557479457,0.09514453108956242
9657,0.08801395363611336,0.8488248184245895,0.06316122793929706
9658,0.2694709412057046,0.4918060286531173,0.23872303014117804
9659,0.22058380580953713,0.7069370376279477,0.0724791565625152
9660,0.1920052306908771,0.6483070848089149,0.1596876845002081
9661,0.25067093462108614,0.5585639004235101,0.1907651649554037
9662,0.20061779209126535,0.561558278194452,0.2378239297142827
9663,0.3335734640586843,0.18183015199640065,0.484596383944915
9664,0.07731687894405001,0.8679878907976942,0.05469523025825574
9665,0.1677312255261848,0.6762411117961442,0.15602766267767093
9666,0.17691684798488444,0.16117408288842922,0.6619090691266863
9667,0.19403599838304292,0.7110055527599459,0.09495844885701127
9668,0.21809752286192696,0.093307493970979,0.6885949831670941
9669,0.254507434313833,0.5119540574803468,0.23353850820582014
