,MYD,MYH,MYA
8654,0.29,0.515,0.195
8655,0.355,0.325,0.32
8656,0.15333333333333332,0.665,0.18166666666666667
8657,0.23333333333333334,0.5266666666666666,0.24
8658,0.3466666666666667,0.295,0.35833333333333334
8659,0.29833333333333334,0.31166666666666665,0.39
8660,0.29333333333333333,0.48333333333333334,0.22333333333333333
8661,0.3283333333333333,0.49,0.18166666666666667
8662,0.2966666666666667,0.37833333333333335,0.325
8663,0.19666666666666666,0.7116666666666667,0.09166666666666666
8664,0.18666666666666668,0.7433333333333333,0.07
8665,0.325,0.515,0.16
8666,0.2633333333333333,0.30666666666666664,0.43
8667,0.3416666666666667,0.41,0.24833333333333332
8668,0.24666666666666667,0.6366666666666667,0.11666666666666667
8669,0.37833333333333335,0.295,0.32666666666666666
8670,0.22,0.20166666666666666,0.5783333333333334
8671,0.23833333333333334,0.6133333333333333,0.14833333333333334
8672,0.27666666666666667,0.42833333333333334,0.295
8673,0.26,0.45666666666666667,0.2833333333333333
8674,0.3433333333333333,0.45666666666666667,0.2
8675,0.38,0.38166666666666665,0.23833333333333334
8676,0.245,0.5016666666666667,0.25333333333333335
8677,0.13666666666666666,0.79,0.07333333333333333
8678,0.26166666666666666,0.5983333333333334,0.14
8679,0.23333333333333334,0.5366666666666666,0.23
8680,0.3933333333333333,0.4033333333333333,0.20333333333333334
8681,0.3,0.5033333333333333,0.19666666666666666
8682,0.3433333333333333,0.37,0.2866666666666667
8683,0.38666666666666666,0.36666666666666664,0.24666666666666667
8684,0.13166666666666665,0.79,0.07833333333333334
8685,0.235,0.535,0.23
8686,0.24666666666666667,0.2816666666666667,0.4716666666666667
8687,0.32666666666666666,0.325,0.34833333333333333
8688,0.23166666666666666,0.13833333333333334,0.63
8689,0.2966666666666667,0.26666666666666666,0.43666666666666665
8690,0.3566666666666667,0.5,0.14333333333333334
8691,0.165,0.71,0.125
8692,0.17,0.7666666666666667,0.06333333333333334
8693,0.23666666666666666,0.5516666666666666,0.21166666666666667
8694,0.22833333333333333,0.595,0.17666666666666667
8695,0.30333333333333334,0.395,0.3016666666666667
8696,0.31,0.38166666666666665,0.30833333333333335
8697,0.35,0.30833333333333335,0.3416666666666667
8698,0.295,0.3,0.405
8699,0.245,0.5266666666666666,0.22833333333333333
8700,0.24833333333333332,0.3883333333333333,0.36333333333333334
8701,0.235,0.655,0.11
8702,0.365,0.41333333333333333,0.22166666666666668
8703,0.23833333333333334,0.49333333333333335,0.2683333333333333
8704,0.17333333333333334,0.7333333333333333,0.09333333333333334
8705,0.17333333333333334,0.26666666666666666,0.56
8706,0.26166666666666666,0.48833333333333334,0.25
8707,0.26,0.21,0.53
8708,0.2683333333333333,0.2916666666666667,0.44
8709,0.32,0.47833333333333333,0.20166666666666666
8710,0.10833333333333334,0.8466666666666667,0.045
8711,0.18666666666666668,0.715,0.09833333333333333
8712,0.26,0.5416666666666666,0.19833333333333333
8713,0.31,0.49666666666666665,0.19333333333333333
8714,0.295,0.5383333333333333,0.16666666666666666
8715,0.15,0.7816666666666666,0.06833333333333333
8716,0.18166666666666667,0.7583333333333333,0.06
8717,0.29333333333333333,0.43666666666666665,0.27
8718,0.09,0.8616666666666667,0.04833333333333333
8719,0.20833333333333334,0.6116666666666667,0.18
8720,0.36333333333333334,0.37166666666666665,0.265
8721,0.2,0.645,0.155
8722,0.365,0.21333333333333335,0.4216666666666667
8723,0.2683333333333333,0.435,0.2966666666666667
8724,0.255,0.215,0.53
8725,0.21,0.16666666666666666,0.6233333333333333
8726,0.27,0.335,0.395
8727,0.27166666666666667,0.355,0.37333333333333335
8728,0.31,0.445,0.245
8729,0.11166666666666666,0.8316666666666667,0.056666666666666664
8730,0.2816666666666667,0.41833333333333333,0.3
8731,0.25666666666666665,0.5683333333333334,0.175
8732,0.39,0.35,0.26
8733,0.2916666666666667,0.31,0.3983333333333333
8734,0.22166666666666668,0.64,0.13833333333333334
8737,0.30333333333333334,0.36333333333333334,0.3333333333333333
8738,0.25166666666666665,0.29,0.4583333333333333
8739,0.22333333333333333,0.34833333333333333,0.42833333333333334
8740,0.205,0.5916666666666667,0.20333333333333334
8741,0.25,0.18166666666666667,0.5683333333333334
8742,0.16833333333333333,0.4033333333333333,0.42833333333333334
8743,0.11833333333333333,0.81,0.07166666666666667
8744,0.29,0.54,0.17
8745,0.34,0.39,0.27
8746,0.31333333333333335,0.435,0.25166666666666665
8747,0.295,0.37833333333333335,0.32666666666666666
8748,0.245,0.5233333333333333,0.23166666666666666
8749,0.30333333333333334,0.25333333333333335,0.44333333333333336
8750,0.045,0.9266666666666666,0.028333333333333332
8751,0.2633333333333333,0.30666666666666664,0.43
8752,0.31,0.4716666666666667,0.21833333333333332
8753,0.27,0.4666666666666667,0.2633333333333333
8754,0.23333333333333334,0.335,0.43166666666666664
8755,0.3383333333333333,0.31166666666666665,0.35
8756,0.225,0.5283333333333333,0.24666666666666667
8758,0.24833333333333332,0.19666666666666666,0.555
8759,0.2783333333333333,0.44666666666666666,0.275
8760,0.265,0.2916666666666667,0.44333333333333336
8761,0.345,0.41,0.245
8762,0.25833333333333336,0.5866666666666667,0.155
8763,0.2866666666666667,0.4,0.31333333333333335
8764,0.13666666666666666,0.775,0.08833333333333333
8765,0.16,0.20833333333333334,0.6316666666666667
8766,0.29333333333333333,0.39166666666666666,0.315
8767,0.255,0.22666666666666666,0.5183333333333333
8768,0.23166666666666666,0.31333333333333335,0.455
8769,0.10833333333333334,0.8516666666666667,0.04
8770,0.2633333333333333,0.41333333333333333,0.3233333333333333
8771,0.23833333333333334,0.17833333333333334,0.5833333333333334
8772,0.4083333333333333,0.4633333333333333,0.12833333333333333
8773,0.14166666666666666,0.79,0.06833333333333333
8774,0.27,0.37166666666666665,0.35833333333333334
8775,0.28833333333333333,0.46166666666666667,0.25
8776,0.285,0.52,0.195
8777,0.2633333333333333,0.325,0.4116666666666667
8778,0.285,0.43333333333333335,0.2816666666666667
8779,0.3,0.5216666666666666,0.17833333333333334
8780,0.22833333333333333,0.38,0.39166666666666666
8781,0.23666666666666666,0.44,0.3233333333333333
8782,0.10166666666666667,0.8616666666666667,0.03666666666666667
8783,0.36666666666666664,0.2816666666666667,0.3516666666666667
8784,0.16833333333333333,0.14166666666666666,0.69
8785,0.16166666666666665,0.18666666666666668,0.6516666666666666
8786,0.3616666666666667,0.27666666666666667,0.3616666666666667
8787,0.24666666666666667,0.4816666666666667,0.27166666666666667
8788,0.235,0.295,0.47
8789,0.19666666666666666,0.22,0.5833333333333334
8790,0.295,0.44166666666666665,0.2633333333333333
8791,0.22166666666666668,0.405,0.37333333333333335
8792,0.17,0.77,0.06
8793,0.155,0.78,0.065
8794,0.23666666666666666,0.5883333333333334,0.175
8795,0.135,0.7266666666666667,0.13833333333333334
8796,0.19333333333333333,0.6833333333333333,0.12333333333333334
8797,0.05,0.925,0.025
8798,0.28833333333333333,0.39166666666666666,0.32
8799,0.2783333333333333,0.455,0.26666666666666666
8800,0.07833333333333334,0.85,0.07166666666666667
8801,0.27666666666666667,0.4166666666666667,0.30666666666666664
8802,0.295,0.34,0.365
8803,0.28833333333333333,0.37666666666666665,0.335
8804,0.21333333333333335,0.33166666666666667,0.455
8805,0.215,0.37,0.415
8806,0.2,0.5183333333333333,0.2816666666666667
8807,0.37666666666666665,0.37333333333333335,0.25
8808,0.26166666666666666,0.4116666666666667,0.32666666666666666
8809,0.2833333333333333,0.41,0.30666666666666664
8810,0.26166666666666666,0.42833333333333334,0.31
8811,0.20666666666666667,0.17,0.6233333333333333
8812,0.22833333333333333,0.36833333333333335,0.4033333333333333
8813,0.30333333333333334,0.365,0.33166666666666667
8814,0.2683333333333333,0.495,0.23666666666666666
8815,0.265,0.63,0.105
8816,0.2966666666666667,0.43666666666666665,0.26666666666666666
8818,0.2833333333333333,0.36833333333333335,0.34833333333333333
8819,0.30333333333333334,0.4666666666666667,0.23
8820,0.18333333333333332,0.185,0.6316666666666667
8821,0.17833333333333334,0.705,0.11666666666666667
8822,0.25666666666666665,0.5183333333333333,0.225
8823,0.09666666666666666,0.8533333333333334,0.05
8824,0.255,0.44166666666666665,0.30333333333333334
8825,0.305,0.565,0.13
8826,0.2816666666666667,0.5283333333333333,0.19
8827,0.13,0.14333333333333334,0.7266666666666667
8828,0.38333333333333336,0.385,0.23166666666666666
8829,0.34833333333333333,0.4166666666666667,0.235
8830,0.42833333333333334,0.43,0.14166666666666666
8831,0.225,0.66,0.115
8832,0.33666666666666667,0.425,0.23833333333333334
8833,0.22166666666666668,0.385,0.3933333333333333
8960,0.21166666666666667,0.275,0.5133333333333333
8961,0.225,0.49333333333333335,0.2816666666666667
8962,0.19333333333333333,0.23833333333333334,0.5683333333333334
8963,0.22166666666666668,0.5983333333333334,0.18
8965,0.26,0.225,0.515
8966,0.27666666666666667,0.5116666666666667,0.21166666666666667
8967,0.28,0.3466666666666667,0.37333333333333335
8968,0.3516666666666667,0.35333333333333333,0.295
8969,0.21333333333333335,0.46166666666666667,0.325
8970,0.15,0.7216666666666667,0.12833333333333333
8971,0.26666666666666666,0.43166666666666664,0.3016666666666667
8972,0.275,0.5733333333333334,0.15166666666666667
8973,0.20833333333333334,0.115,0.6766666666666666
8974,0.365,0.215,0.42
8975,0.27166666666666667,0.20833333333333334,0.52
8976,0.4,0.49166666666666664,0.10833333333333334
8977,0.3383333333333333,0.3516666666666667,0.31
8978,0.19666666666666666,0.6966666666666667,0.10666666666666667
8979,0.36666666666666664,0.415,0.21833333333333332
8980,0.30666666666666664,0.39166666666666666,0.3016666666666667
8981,0.25833333333333336,0.6883333333333334,0.05333333333333334
8982,0.2816666666666667,0.5433333333333333,0.175
8983,0.3383333333333333,0.30833333333333335,0.35333333333333333
8984,0.385,0.35333333333333333,0.26166666666666666
8985,0.3516666666666667,0.31166666666666665,0.33666666666666667
8986,0.33166666666666667,0.345,0.3233333333333333
8987,0.155,0.785,0.06
8988,0.345,0.305,0.35
8989,0.2,0.6266666666666667,0.17333333333333334
8990,0.3233333333333333,0.37666666666666665,0.3
8991,0.21166666666666667,0.16833333333333333,0.62
8992,0.35333333333333333,0.2683333333333333,0.37833333333333335
8993,0.285,0.42333333333333334,0.2916666666666667
8994,0.255,0.19666666666666666,0.5483333333333333
8995,0.4116666666666667,0.31166666666666665,0.27666666666666667
8996,0.12833333333333333,0.8383333333333334,0.03333333333333333
8997,0.2866666666666667,0.43166666666666664,0.2816666666666667
8998,0.2783333333333333,0.4166666666666667,0.305
8999,0.25833333333333336,0.27,0.4716666666666667
9000,0.285,0.5116666666666667,0.20333333333333334
9001,0.23166666666666666,0.535,0.23333333333333334
9002,0.2683333333333333,0.425,0.30666666666666664
9003,0.275,0.39666666666666667,0.3283333333333333
9004,0.3566666666666667,0.25166666666666665,0.39166666666666666
9005,0.345,0.365,0.29
9006,0.2816666666666667,0.47333333333333333,0.245
9007,0.2783333333333333,0.4583333333333333,0.2633333333333333
9008,0.2783333333333333,0.5583333333333333,0.16333333333333333
9009,0.195,0.365,0.44
9010,0.21666666666666667,0.19,0.5933333333333334
9011,0.335,0.20333333333333334,0.46166666666666667
9012,0.18666666666666668,0.7616666666666667,0.051666666666666666
9013,0.25166666666666665,0.525,0.22333333333333333
9014,0.29833333333333334,0.39166666666666666,0.31
9015,0.3616666666666667,0.29,0.34833333333333333
9016,0.31666666666666665,0.555,0.12833333333333333
9017,0.36833333333333335,0.36833333333333335,0.2633333333333333
9018,0.18833333333333332,0.7433333333333333,0.06833333333333333
9019,0.12833333333333333,0.8383333333333334,0.03333333333333333
9020,0.15,0.7933333333333333,0.056666666666666664
9021,0.37666666666666665,0.29333333333333333,0.33
9022,0.21666666666666667,0.19,0.5933333333333334
9023,0.315,0.30333333333333334,0.38166666666666665
9024,0.20166666666666666,0.7666666666666667,0.03166666666666667
9025,0.3283333333333333,0.325,0.3466666666666667
9026,0.315,0.42333333333333334,0.26166666666666666
9027,0.2633333333333333,0.465,0.27166666666666667
9028,0.18833333333333332,0.58,0.23166666666666666
9029,0.36666666666666664,0.3383333333333333,0.295
9030,0.2633333333333333,0.32666666666666666,0.41
9031,0.32666666666666666,0.43666666666666665,0.23666666666666666
9032,0.31833333333333336,0.3983333333333333,0.2833333333333333
9033,0.25,0.19833333333333333,0.5516666666666666
9034,0.29333333333333333,0.24166666666666667,0.465
9035,0.27166666666666667,0.6466666666666666,0.08166666666666667
9036,0.23666666666666666,0.45166666666666666,0.31166666666666665
9037,0.24833333333333332,0.395,0.3566666666666667
9038,0.3433333333333333,0.31833333333333336,0.3383333333333333
9039,0.225,0.6033333333333334,0.17166666666666666
9040,0.13833333333333334,0.19333333333333333,0.6683333333333333
9041,0.16166666666666665,0.8066666666666666,0.03166666666666667
9042,0.10166666666666667,0.8566666666666667,0.041666666666666664
9043,0.23333333333333334,0.46,0.30666666666666664
9044,0.23333333333333334,0.47333333333333333,0.29333333333333333
9045,0.35833333333333334,0.3416666666666667,0.3
9046,0.14666666666666667,0.83,0.023333333333333334
9047,0.13333333333333333,0.825,0.041666666666666664
9048,0.225,0.3466666666666667,0.42833333333333334
9049,0.4083333333333333,0.32666666666666666,0.265
9050,0.37,0.3616666666666667,0.2683333333333333
9051,0.2,0.7,0.1
9052,0.315,0.47333333333333333,0.21166666666666667
9053,0.265,0.24333333333333335,0.49166666666666664
9054,0.29333333333333333,0.3466666666666667,0.36
9055,0.13166666666666665,0.785,0.08333333333333333
9056,0.18,0.7516666666666667,0.06833333333333333
9057,0.33166666666666667,0.33666666666666667,0.33166666666666667
9058,0.21833333333333332,0.43,0.3516666666666667
9059,0.18333333333333332,0.68,0.13666666666666666
9060,0.25166666666666665,0.375,0.37333333333333335
9061,0.115,0.19,0.695
9062,0.33,0.5216666666666666,0.14833333333333334
9063,0.26166666666666666,0.26166666666666666,0.4766666666666667
9064,0.22666666666666666,0.17333333333333334,0.6
9065,0.215,0.57,0.215
9066,0.13,0.11333333333333333,0.7566666666666667
9067,0.23666666666666666,0.5833333333333334,0.18
9068,0.13666666666666666,0.8566666666666667,0.006666666666666667
9069,0.26166666666666666,0.4816666666666667,0.25666666666666665
9070,0.21166666666666667,0.7133333333333334,0.075
9071,0.32666666666666666,0.3516666666666667,0.32166666666666666
9072,0.2966666666666667,0.4,0.30333333333333334
9073,0.25,0.47333333333333333,0.27666666666666667
9074,0.25166666666666665,0.38666666666666666,0.3616666666666667
9075,0.2916666666666667,0.6016666666666667,0.10666666666666667
9076,0.2633333333333333,0.36833333333333335,0.36833333333333335
9077,0.2816666666666667,0.555,0.16333333333333333
9078,0.33166666666666667,0.465,0.20333333333333334
9079,0.22333333333333333,0.7233333333333334,0.05333333333333334
9080,0.27666666666666667,0.33166666666666667,0.39166666666666666
9081,0.2683333333333333,0.4,0.33166666666666667
9082,0.07666666666666666,0.10333333333333333,0.82
9083,0.22833333333333333,0.16,0.6116666666666667
9084,0.21833333333333332,0.625,0.15666666666666668
9085,0.39166666666666666,0.39166666666666666,0.21666666666666667
9086,0.265,0.54,0.195
9087,0.22166666666666668,0.47,0.30833333333333335
9088,0.16166666666666665,0.8216666666666667,0.016666666666666666
9089,0.4,0.33166666666666667,0.2683333333333333
9090,0.15666666666666668,0.7533333333333333,0.09
9091,0.265,0.6466666666666666,0.08833333333333333
9092,0.20166666666666666,0.7216666666666667,0.07666666666666666
9093,0.25166666666666665,0.25333333333333335,0.495
9094,0.33,0.195,0.475
9096,0.2866666666666667,0.53,0.18333333333333332
9097,0.20666666666666667,0.5766666666666667,0.21666666666666667
9098,0.22166666666666668,0.6483333333333333,0.13
9099,0.16333333333333333,0.155,0.6816666666666666
9100,0.265,0.6483333333333333,0.08666666666666667
9101,0.08,0.13166666666666665,0.7883333333333333
9102,0.07166666666666667,0.07333333333333333,0.855
9103,0.2,0.66,0.14
9104,0.2783333333333333,0.34833333333333333,0.37333333333333335
9105,0.16833333333333333,0.7666666666666667,0.065
9106,0.28833333333333333,0.33,0.38166666666666665
9107,0.21333333333333335,0.19666666666666666,0.59
9108,0.3616666666666667,0.4166666666666667,0.22166666666666668
9109,0.2633333333333333,0.615,0.12166666666666667
9110,0.18,0.7383333333333333,0.08166666666666667
9111,0.23833333333333334,0.6633333333333333,0.09833333333333333
9112,0.13333333333333333,0.76,0.10666666666666667
9113,0.235,0.47333333333333333,0.2916666666666667
9114,0.375,0.375,0.25
9115,0.165,0.745,0.09
9116,0.215,0.165,0.62
9117,0.14333333333333334,0.8,0.056666666666666664
9118,0.10666666666666667,0.075,0.8183333333333334
9119,0.205,0.555,0.24
9120,0.38166666666666665,0.38,0.23833333333333334
9121,0.2816666666666667,0.5033333333333333,0.215
9122,0.135,0.81,0.055
9123,0.32666666666666666,0.41833333333333333,0.255
9124,0.22833333333333333,0.565,0.20666666666666667
9126,0.285,0.4816666666666667,0.23333333333333334
9127,0.16166666666666665,0.16833333333333333,0.67
9128,0.23333333333333334,0.5716666666666667,0.195
9129,0.325,0.4266666666666667,0.24833333333333332
9130,0.26666666666666666,0.3883333333333333,0.345
9131,0.2866666666666667,0.61,0.10333333333333333
9132,0.17666666666666667,0.6316666666666667,0.19166666666666668
9133,0.2783333333333333,0.31,0.4116666666666667
9134,0.22666666666666666,0.71,0.06333333333333334
9135,0.11,0.09833333333333333,0.7916666666666666
9136,0.32,0.49166666666666664,0.18833333333333332
9137,0.20333333333333334,0.13,0.6666666666666666
9138,0.10833333333333334,0.7533333333333333,0.13833333333333334
9139,0.16833333333333333,0.7316666666666667,0.1
9266,0.18166666666666667,0.49833333333333335,0.32
9267,0.4266666666666667,0.285,0.28833333333333333
9268,0.265,0.45166666666666666,0.2833333333333333
9269,0.3933333333333333,0.38166666666666665,0.225
9270,0.26166666666666666,0.5616666666666666,0.17666666666666667
9271,0.245,0.43333333333333335,0.32166666666666666
9272,0.2783333333333333,0.515,0.20666666666666667
9273,0.31166666666666665,0.435,0.25333333333333335
9274,0.21833333333333332,0.5566666666666666,0.225
9275,0.21166666666666667,0.21666666666666667,0.5716666666666667
9276,0.31666666666666665,0.35333333333333333,0.33
9277,0.3016666666666667,0.42,0.2783333333333333
9278,0.22,0.545,0.235
9279,0.24166666666666667,0.19,0.5683333333333334
9280,0.2866666666666667,0.4816666666666667,0.23166666666666666
9281,0.2783333333333333,0.16166666666666665,0.56
9282,0.3016666666666667,0.4583333333333333,0.24
9283,0.42833333333333334,0.33166666666666667,0.24
9284,0.21666666666666667,0.6733333333333333,0.11
9285,0.15,0.81,0.04
9286,0.22166666666666668,0.62,0.15833333333333333
9287,0.15333333333333332,0.81,0.03666666666666667
9288,0.36666666666666664,0.34,0.29333333333333333
9289,0.3516666666666667,0.27666666666666667,0.37166666666666665
9290,0.16833333333333333,0.7916666666666666,0.04
9291,0.23,0.395,0.375
9292,0.32,0.255,0.425
9293,0.25333333333333335,0.5716666666666667,0.175
9294,0.20833333333333334,0.5216666666666666,0.27
9295,0.21666666666666667,0.11,0.6733333333333333
9296,0.235,0.5433333333333333,0.22166666666666668
9297,0.22833333333333333,0.5316666666666666,0.24
9298,0.16833333333333333,0.13166666666666665,0.7
9299,0.37166666666666665,0.35,0.2783333333333333
9300,0.36,0.21833333333333332,0.4216666666666667
9301,0.26666666666666666,0.5516666666666666,0.18166666666666667
9302,0.215,0.695,0.09
9303,0.26666666666666666,0.295,0.43833333333333335
9304,0.235,0.5183333333333333,0.24666666666666667
9305,0.17333333333333334,0.7233333333333334,0.10333333333333333
9306,0.29333333333333333,0.445,0.26166666666666666
9307,0.19666666666666666,0.705,0.09833333333333333
9308,0.27,0.365,0.365
9309,0.21833333333333332,0.6933333333333334,0.08833333333333333
9310,0.14,0.75,0.11
9311,0.23166666666666666,0.475,0.29333333333333333
9312,0.26166666666666666,0.5416666666666666,0.19666666666666666
9313,0.21333333333333335,0.31166666666666665,0.475
9314,0.265,0.38166666666666665,0.35333333333333333
9315,0.315,0.47833333333333333,0.20666666666666667
9316,0.17166666666666666,0.725,0.10333333333333333
9317,0.31,0.22,0.47
9318,0.32166666666666666,0.235,0.44333333333333336
9319,0.14666666666666667,0.05333333333333334,0.8
9320,0.28,0.47,0.25
9321,0.22666666666666666,0.26,0.5133333333333333
9322,0.3283333333333333,0.26,0.4116666666666667
9323,0.24833333333333332,0.6466666666666666,0.105
9324,0.075,0.8083333333333333,0.11666666666666667
9325,0.2966666666666667,0.11,0.5933333333333334
9326,0.23166666666666666,0.57,0.19833333333333333
9327,0.25166666666666665,0.31833333333333336,0.43
9328,0.16333333333333333,0.7683333333333333,0.06833333333333333
9329,0.11,0.8616666666666667,0.028333333333333332
9330,0.195,0.68,0.125
9331,0.295,0.29833333333333334,0.4066666666666667
9332,0.09166666666666666,0.8683333333333333,0.04
9333,0.15666666666666668,0.17,0.6733333333333333
9334,0.13833333333333334,0.705,0.15666666666666668
9335,0.4,0.18666666666666668,0.41333333333333333
9336,0.335,0.33666666666666667,0.3283333333333333
9337,0.3233333333333333,0.4033333333333333,0.2733333333333333
9338,0.35833333333333334,0.225,0.4166666666666667
9339,0.2966666666666667,0.3333333333333333,0.37
9340,0.28833333333333333,0.49333333333333335,0.21833333333333332
9341,0.2633333333333333,0.6366666666666667,0.1
9342,0.06166666666666667,0.8783333333333333,0.06
9343,0.3566666666666667,0.35,0.29333333333333333
9344,0.2816666666666667,0.255,0.4633333333333333
9345,0.3283333333333333,0.21666666666666667,0.455
9346,0.2783333333333333,0.575,0.14666666666666667
9347,0.2733333333333333,0.575,0.15166666666666667
9348,0.055,0.9283333333333333,0.016666666666666666
9349,0.37333333333333335,0.36666666666666664,0.26
9350,0.3283333333333333,0.33,0.3416666666666667
9351,0.105,0.84,0.055
9352,0.27166666666666667,0.695,0.03333333333333333
9353,0.2633333333333333,0.5483333333333333,0.18833333333333332
9354,0.3283333333333333,0.40166666666666667,0.27
9355,0.24666666666666667,0.5983333333333334,0.155
9356,0.2783333333333333,0.36,0.3616666666666667
9357,0.25333333333333335,0.38,0.36666666666666664
9358,0.4116666666666667,0.37666666666666665,0.21166666666666667
9359,0.255,0.35833333333333334,0.38666666666666666
9360,0.25,0.595,0.155
9361,0.26666666666666666,0.45166666666666666,0.2816666666666667
9362,0.36833333333333335,0.36666666666666664,0.265
9363,0.2733333333333333,0.595,0.13166666666666665
9364,0.24833333333333332,0.44333333333333336,0.30833333333333335
9365,0.30833333333333335,0.52,0.17166666666666666
9366,0.07833333333333334,0.08833333333333333,0.8333333333333334
9367,0.06833333333333333,0.8583333333333333,0.07333333333333333
9368,0.22666666666666666,0.5383333333333333,0.235
9369,0.275,0.5283333333333333,0.19666666666666666
9370,0.18666666666666668,0.6133333333333333,0.2
9371,0.2633333333333333,0.49333333333333335,0.24333333333333335
9372,0.23833333333333334,0.6133333333333333,0.14833333333333334
9373,0.20833333333333334,0.48833333333333334,0.30333333333333334
9374,0.19666666666666666,0.19666666666666666,0.6066666666666667
9375,0.29333333333333333,0.2816666666666667,0.425
9376,0.14166666666666666,0.8266666666666667,0.03166666666666667
9377,0.23666666666666666,0.44166666666666665,0.32166666666666666
9378,0.18333333333333332,0.6116666666666667,0.205
9379,0.275,0.45,0.275
9380,0.18833333333333332,0.68,0.13166666666666665
9381,0.27666666666666667,0.31166666666666665,0.4116666666666667
9382,0.125,0.07666666666666666,0.7983333333333333
9383,0.18,0.7233333333333334,0.09666666666666666
9384,0.28833333333333333,0.43,0.2816666666666667
9385,0.3333333333333333,0.32166666666666666,0.345
9386,0.16166666666666665,0.7116666666666667,0.12666666666666668
9387,0.25666666666666665,0.51,0.23333333333333334
9388,0.3,0.51,0.19
9389,0.35333333333333333,0.25333333333333335,0.3933333333333333
9390,0.26166666666666666,0.40166666666666667,0.33666666666666667
9391,0.2,0.16666666666666666,0.6333333333333333
9392,0.22166666666666668,0.44666666666666666,0.33166666666666667
9393,0.275,0.28833333333333333,0.43666666666666665
9394,0.185,0.6083333333333333,0.20666666666666667
9395,0.27166666666666667,0.23666666666666666,0.49166666666666664
9396,0.215,0.49,0.295
9397,0.23666666666666666,0.72,0.043333333333333335
9398,0.23166666666666666,0.47,0.29833333333333334
9399,0.14333333333333334,0.7166666666666667,0.14
9400,0.265,0.505,0.23
9401,0.16166666666666665,0.7733333333333333,0.065
9402,0.2733333333333333,0.275,0.45166666666666666
9403,0.26666666666666666,0.5416666666666666,0.19166666666666668
9404,0.26666666666666666,0.44,0.29333333333333333
9405,0.37,0.295,0.335
9406,0.11,0.835,0.055
9407,0.15666666666666668,0.7333333333333333,0.11
9408,0.16833333333333333,0.7316666666666667,0.1
9409,0.2966666666666667,0.465,0.23833333333333334
9410,0.33166666666666667,0.4666666666666667,0.20166666666666666
9411,0.11666666666666667,0.7483333333333333,0.135
9412,0.20666666666666667,0.6583333333333333,0.135
9413,0.21666666666666667,0.4533333333333333,0.33
9414,0.27166666666666667,0.28,0.4483333333333333
9415,0.23833333333333334,0.14833333333333334,0.6133333333333333
9416,0.2733333333333333,0.5266666666666666,0.2
9417,0.2866666666666667,0.185,0.5283333333333333
9418,0.20166666666666666,0.695,0.10333333333333333
9419,0.4,0.23833333333333334,0.3616666666666667
9420,0.2683333333333333,0.11666666666666667,0.615
9421,0.27666666666666667,0.28833333333333333,0.435
9422,0.18833333333333332,0.6633333333333333,0.14833333333333334
9423,0.21333333333333335,0.64,0.14666666666666667
9424,0.05333333333333334,0.9316666666666666,0.015
9425,0.17833333333333334,0.5966666666666667,0.225
9426,0.18,0.6383333333333333,0.18166666666666667
9427,0.31166666666666665,0.26,0.42833333333333334
9428,0.25333333333333335,0.27,0.4766666666666667
9429,0.19333333333333333,0.7033333333333334,0.10333333333333333
9430,0.285,0.17,0.545
9431,0.27166666666666667,0.24333333333333335,0.485
9432,0.2916666666666667,0.35833333333333334,0.35
9433,0.058333333333333334,0.9166666666666666,0.025
9434,0.06333333333333334,0.9033333333333333,0.03333333333333333
9435,0.31666666666666665,0.45,0.23333333333333334
9436,0.27,0.3616666666666667,0.36833333333333335
9437,0.3383333333333333,0.32166666666666666,0.34
9438,0.22666666666666666,0.505,0.2683333333333333
9439,0.285,0.49666666666666665,0.21833333333333332
9440,0.19166666666666668,0.59,0.21833333333333332
9441,0.20166666666666666,0.6183333333333333,0.18
9442,0.3,0.39166666666666666,0.30833333333333335
9443,0.28833333333333333,0.44666666666666666,0.265
9444,0.315,0.275,0.41
9445,0.2916666666666667,0.545,0.16333333333333333
9572,0.22666666666666666,0.5766666666666667,0.19666666666666666
9573,0.2683333333333333,0.6016666666666667,0.13
9574,0.395,0.325,0.28
9575,0.36,0.3233333333333333,0.31666666666666665
9576,0.175,0.615,0.21
9577,0.3233333333333333,0.275,0.40166666666666667
9578,0.33,0.5283333333333333,0.14166666666666666
9579,0.28,0.22,0.5
9580,0.325,0.28,0.395
9581,0.29,0.38,0.33
9582,0.10666666666666667,0.835,0.058333333333333334
9583,0.17,0.7966666666666666,0.03333333333333333
9584,0.215,0.25333333333333335,0.5316666666666666
9585,0.19,0.7916666666666666,0.018333333333333333
9586,0.26166666666666666,0.32,0.41833333333333333
9587,0.25166666666666665,0.24333333333333335,0.505
9588,0.2866666666666667,0.3416666666666667,0.37166666666666665
9589,0.2733333333333333,0.5633333333333334,0.16333333333333333
9590,0.265,0.3416666666666667,0.3933333333333333
9591,0.29333333333333333,0.455,0.25166666666666665
9592,0.185,0.5583333333333333,0.25666666666666665
9593,0.31833333333333336,0.43,0.25166666666666665
9594,0.2783333333333333,0.575,0.14666666666666667
9595,0.12666666666666668,0.795,0.07833333333333334
9596,0.23666666666666666,0.23,0.5333333333333333
9597,0.345,0.18,0.475
9598,0.295,0.26,0.445
9599,0.27666666666666667,0.49,0.23333333333333334
9600,0.245,0.25833333333333336,0.49666666666666665
9601,0.14166666666666666,0.8016666666666666,0.056666666666666664
9602,0.3,0.255,0.445
9603,0.27666666666666667,0.17166666666666666,0.5516666666666666
9604,0.3016666666666667,0.6183333333333333,0.08
9605,0.20833333333333334,0.19333333333333333,0.5983333333333334
9606,0.22833333333333333,0.44,0.33166666666666667
9607,0.22166666666666668,0.6016666666666667,0.17666666666666667
9608,0.08833333333333333,0.84,0.07166666666666667
9609,0.2683333333333333,0.6283333333333333,0.10333333333333333
9610,0.2816666666666667,0.5816666666666667,0.13666666666666666
9611,0.15333333333333332,0.665,0.18166666666666667
9612,0.2816666666666667,0.22833333333333333,0.49
9613,0.2966666666666667,0.20166666666666666,0.5016666666666667
9614,0.315,0.43,0.255
9615,0.11833333333333333,0.7433333333333333,0.13833333333333334
9616,0.275,0.4583333333333333,0.26666666666666666
9617,0.28833333333333333,0.5916666666666667,0.12
9618,0.25,0.185,0.565
9619,0.24666666666666667,0.57,0.18333333333333332
9620,0.20666666666666667,0.36333333333333334,0.43
9621,0.255,0.24166666666666667,0.5033333333333333
9622,0.11666666666666667,0.83,0.05333333333333334
9623,0.25333333333333335,0.27666666666666667,0.47
9624,0.255,0.13,0.615
9625,0.185,0.6816666666666666,0.13333333333333333
9626,0.10666666666666667,0.8366666666666667,0.056666666666666664
9627,0.09333333333333334,0.8683333333333333,0.03833333333333333
9628,0.30666666666666664,0.30833333333333335,0.385
9629,0.30833333333333335,0.515,0.17666666666666667
9630,0.23666666666666666,0.16,0.6033333333333334
9631,0.31333333333333335,0.455,0.23166666666666666
9632,0.14,0.8133333333333334,0.04666666666666667
9633,0.2916666666666667,0.34,0.36833333333333335
9634,0.24,0.6016666666666667,0.15833333333333333
9635,0.13666666666666666,0.7933333333333333,0.07
9636,0.185,0.6266666666666667,0.18833333333333332
9637,0.24666666666666667,0.58,0.17333333333333334
9638,0.26166666666666666,0.3883333333333333,0.35
9639,0.3016666666666667,0.3616666666666667,0.33666666666666667
9640,0.27166666666666667,0.23333333333333334,0.495
9641,0.095,0.8066666666666666,0.09833333333333333
9642,0.28833333333333333,0.16666666666666666,0.545
9643,0.135,0.7866666666666666,0.07833333333333334
9644,0.3016666666666667,0.3883333333333333,0.31
9645,0.23833333333333334,0.5283333333333333,0.23333333333333334
9646,0.25666666666666665,0.325,0.41833333333333333
9647,0.15666666666666668,0.68,0.16333333333333333
9648,0.16,0.565,0.275
9649,0.20833333333333334,0.06833333333333333,0.7233333333333334
9650,0.08666666666666667,0.8666666666666667,0.04666666666666667
9651,0.18333333333333332,0.6616666666666666,0.155
9652,0.285,0.35,0.365
9653,0.335,0.25,0.415
9654,0.33666666666666667,0.3383333333333333,0.325
9655,0.225,0.5833333333333334,0.19166666666666668
9656,0.15166666666666667,0.7383333333333333,0.11
9657,0.08833333333333333,0.8533333333333334,0.058333333333333334
9658,0.2966666666666667,0.4816666666666667,0.22166666666666668
9659,0.19333333333333333,0.64,0.16666666666666666
9660,0.21166666666666667,0.6783333333333333,0.11
9661,0.13,0.6933333333333334,0.17666666666666667
9662,0.24166666666666667,0.5116666666666667,0.24666666666666667
9663,0.24833333333333332,0.20166666666666666,0.55
9664,0.11666666666666667,0.8116666666666666,0.07166666666666667
9665,0.225,0.6283333333333333,0.14666666666666667
9666,0.325,0.16,0.515
9667,0.12666666666666668,0.82,0.05333333333333334
9668,0.22666666666666666,0.15333333333333332,0.62
9669,0.33666666666666667,0.44666666666666666,0.21666666666666667
9670,0.07166666666666667,0.895,0.03333333333333333
9671,0.29,0.5066666666666667,0.20333333333333334
9672,0.04833333333333333,0.9283333333333333,0.023333333333333334
9673,0.31,0.54,0.15
9674,0.38166666666666665,0.28833333333333333,0.33
9675,0.18166666666666667,0.59,0.22833333333333333
9676,0.3233333333333333,0.11,0.5666666666666667
9677,0.175,0.6166666666666667,0.20833333333333334
9678,0.35,0.31166666666666665,0.3383333333333333
9679,0.31666666666666665,0.4033333333333333,0.28
9680,0.08666666666666667,0.865,0.04833333333333333
9681,0.2683333333333333,0.47833333333333333,0.25333333333333335
9682,0.265,0.4483333333333333,0.2866666666666667
9683,0.09333333333333334,0.8383333333333334,0.06833333333333333
9684,0.3016666666666667,0.13833333333333334,0.56
9685,0.21666666666666667,0.51,0.2733333333333333
9686,0.19833333333333333,0.14666666666666667,0.655
9687,0.345,0.39666666666666667,0.25833333333333336
9688,0.35333333333333333,0.3016666666666667,0.345
9689,0.15166666666666667,0.7033333333333334,0.145
9690,0.29833333333333334,0.345,0.3566666666666667
9691,0.115,0.8283333333333334,0.056666666666666664
9692,0.13,0.71,0.16
9693,0.06666666666666667,0.9033333333333333,0.03
9694,0.15166666666666667,0.6933333333333334,0.155
9695,0.2733333333333333,0.5866666666666667,0.14
9696,0.08833333333333333,0.8916666666666667,0.02
9697,0.28833333333333333,0.25333333333333335,0.4583333333333333
9698,0.2783333333333333,0.43666666666666665,0.285
9699,0.4066666666666667,0.20166666666666666,0.39166666666666666
9700,0.22,0.23166666666666666,0.5483333333333333
9701,0.25333333333333335,0.28,0.4666666666666667
9702,0.24833333333333332,0.59,0.16166666666666665
9703,0.30833333333333335,0.185,0.5066666666666667
9704,0.23666666666666666,0.305,0.4583333333333333
9705,0.29333333333333333,0.29333333333333333,0.41333333333333333
9706,0.2816666666666667,0.4583333333333333,0.26
9707,0.21833333333333332,0.4033333333333333,0.37833333333333335
9708,0.2683333333333333,0.5633333333333334,0.16833333333333333
9709,0.055,0.9233333333333333,0.021666666666666667
9710,0.08666666666666667,0.8866666666666667,0.02666666666666667
9711,0.315,0.485,0.2
9712,0.36,0.40166666666666667,0.23833333333333334
9713,0.18333333333333332,0.6966666666666667,0.12
9714,0.13,0.8283333333333334,0.041666666666666664
9715,0.205,0.6583333333333333,0.13666666666666666
9716,0.30833333333333335,0.43166666666666664,0.26
9717,0.195,0.6383333333333333,0.16666666666666666
9718,0.235,0.35333333333333333,0.4116666666666667
9719,0.26166666666666666,0.515,0.22333333333333333
9720,0.09166666666666666,0.07333333333333333,0.835
9721,0.195,0.13166666666666665,0.6733333333333333
9722,0.16,0.7916666666666666,0.04833333333333333
9723,0.145,0.7183333333333334,0.13666666666666666
9724,0.115,0.85,0.035
9725,0.355,0.47333333333333333,0.17166666666666666
9726,0.275,0.43,0.295
9727,0.10833333333333334,0.7983333333333333,0.09333333333333334
9728,0.27166666666666667,0.375,0.35333333333333333
9729,0.20833333333333334,0.5916666666666667,0.2
9730,0.33166666666666667,0.23333333333333334,0.435
9731,0.2783333333333333,0.33166666666666667,0.39
9732,0.265,0.5466666666666666,0.18833333333333332
9733,0.29333333333333333,0.5466666666666666,0.16
9734,0.30666666666666664,0.48333333333333334,0.21
9735,0.25333333333333335,0.3616666666666667,0.385
9736,0.21333333333333335,0.305,0.4816666666666667
9737,0.2916666666666667,0.32166666666666666,0.38666666666666666
9738,0.31833333333333336,0.44,0.24166666666666667
9739,0.14166666666666666,0.8133333333333334,0.045
9740,0.13,0.8083333333333333,0.06166666666666667
9741,0.09833333333333333,0.7883333333333333,0.11333333333333333
9742,0.28,0.5216666666666666,0.19833333333333333
9743,0.45166666666666666,0.36666666666666664,0.18166666666666667
9744,0.31666666666666665,0.39166666666666666,0.2916666666666667
9745,0.3,0.215,0.485
9746,0.155,0.08,0.765
9747,0.29333333333333333,0.25333333333333335,0.4533333333333333
9748,0.26,0.54,0.2
9749,0.235,0.13,0.635
9750,0.11666666666666667,0.84,0.043333333333333335
9751,0.34833333333333333,0.41833333333333333,0.23333333333333334
9878,0.25833333333333336,0.49,0.25166666666666665
9879,0.345,0.36333333333333334,0.2916666666666667
9880,0.23666666666666666,0.6816666666666666,0.08166666666666667
9881,0.21666666666666667,0.39166666666666666,0.39166666666666666
9882,0.26166666666666666,0.435,0.30333333333333334
9883,0.29,0.5683333333333334,0.14166666666666666
9884,0.31,0.5633333333333334,0.12666666666666668
9885,0.38666666666666666,0.32666666666666666,0.2866666666666667
9886,0.25333333333333335,0.6016666666666667,0.145
9887,0.335,0.4066666666666667,0.25833333333333336
9888,0.27666666666666667,0.48833333333333334,0.235
9889,0.24833333333333332,0.4116666666666667,0.34
9890,0.09666666666666666,0.8633333333333333,0.04
9891,0.23166666666666666,0.2816666666666667,0.4866666666666667
9892,0.29333333333333333,0.445,0.26166666666666666
9893,0.2916666666666667,0.2633333333333333,0.445
9894,0.21,0.5483333333333333,0.24166666666666667
9895,0.17333333333333334,0.48333333333333334,0.3433333333333333
9896,0.32166666666666666,0.5266666666666666,0.15166666666666667
9897,0.21166666666666667,0.34833333333333333,0.44
9898,0.445,0.425,0.13
9899,0.31833333333333336,0.34833333333333333,0.3333333333333333
9900,0.3,0.19666666666666666,0.5033333333333333
9901,0.27666666666666667,0.49,0.23333333333333334
9902,0.30666666666666664,0.5766666666666667,0.11666666666666667
9903,0.22,0.6633333333333333,0.11666666666666667
9904,0.16833333333333333,0.08333333333333333,0.7483333333333333
9905,0.34,0.375,0.285
9906,0.3383333333333333,0.34833333333333333,0.31333333333333335
9907,0.23,0.5383333333333333,0.23166666666666666
9908,0.21666666666666667,0.44166666666666665,0.3416666666666667
9909,0.24833333333333332,0.1,0.6516666666666666
9910,0.12666666666666668,0.7683333333333333,0.105
9911,0.35833333333333334,0.275,0.36666666666666664
9912,0.2816666666666667,0.6066666666666667,0.11166666666666666
9913,0.30833333333333335,0.36,0.33166666666666667
9914,0.195,0.7616666666666667,0.043333333333333335
9915,0.3,0.42,0.28
9916,0.14666666666666667,0.8066666666666666,0.04666666666666667
9917,0.30333333333333334,0.435,0.26166666666666666
9918,0.3333333333333333,0.38666666666666666,0.28
9919,0.24166666666666667,0.4533333333333333,0.305
9920,0.3,0.295,0.405
9921,0.16666666666666666,0.5683333333333334,0.265
9922,0.3016666666666667,0.36,0.3383333333333333
9923,0.11833333333333333,0.22,0.6616666666666666
9924,0.33166666666666667,0.19,0.47833333333333333
9925,0.26666666666666666,0.5016666666666667,0.23166666666666666
9926,0.31833333333333336,0.3416666666666667,0.34
9927,0.39,0.47833333333333333,0.13166666666666665
9928,0.31833333333333336,0.2783333333333333,0.4033333333333333
9929,0.3016666666666667,0.38333333333333336,0.315
9930,0.22833333333333333,0.5016666666666667,0.27
9931,0.09666666666666666,0.8266666666666667,0.07666666666666666
9932,0.25333333333333335,0.4583333333333333,0.28833333333333333
9933,0.345,0.40166666666666667,0.25333333333333335
9934,0.38666666666666666,0.33,0.2833333333333333
9935,0.17,0.7766666666666666,0.05333333333333334
9936,0.3016666666666667,0.505,0.19333333333333333
9937,0.23,0.13333333333333333,0.6366666666666667
9938,0.2916666666666667,0.49666666666666665,0.21166666666666667
9939,0.28833333333333333,0.3616666666666667,0.35
9940,0.23333333333333334,0.16333333333333333,0.6033333333333334
9941,0.24666666666666667,0.505,0.24833333333333332
9942,0.345,0.43166666666666664,0.22333333333333333
9943,0.2866666666666667,0.21833333333333332,0.495
9944,0.20833333333333334,0.575,0.21666666666666667
9945,0.29,0.445,0.265
9946,0.043333333333333335,0.9266666666666666,0.03
9947,0.355,0.17333333333333334,0.4716666666666667
9948,0.23833333333333334,0.5816666666666667,0.18
9949,0.22333333333333333,0.6,0.17666666666666667
9950,0.25333333333333335,0.6483333333333333,0.09833333333333333
9951,0.2816666666666667,0.395,0.3233333333333333
9952,0.215,0.395,0.39
9953,0.20833333333333334,0.7316666666666667,0.06
9954,0.16666666666666666,0.7616666666666667,0.07166666666666667
9955,0.435,0.16,0.405
9956,0.24166666666666667,0.3983333333333333,0.36
9957,0.275,0.5883333333333334,0.13666666666666666
9958,0.18333333333333332,0.15333333333333332,0.6633333333333333
9959,0.27,0.33,0.4
9960,0.30333333333333334,0.49166666666666664,0.205
9961,0.29833333333333334,0.48,0.22166666666666668
9962,0.3283333333333333,0.325,0.3466666666666667
9963,0.2783333333333333,0.4216666666666667,0.3
9964,0.3283333333333333,0.19833333333333333,0.47333333333333333
9965,0.265,0.36333333333333334,0.37166666666666665
9966,0.305,0.5316666666666666,0.16333333333333333
9967,0.08666666666666667,0.8933333333333333,0.02
9968,0.23833333333333334,0.585,0.17666666666666667
9969,0.30333333333333334,0.31833333333333336,0.37833333333333335
9970,0.27166666666666667,0.42333333333333334,0.305
9971,0.2816666666666667,0.3383333333333333,0.38
