,MYD,MYH,MYA
1177,0.175,0.6183333333333333,0.20666666666666667
394,0.28,0.6416666666666667,0.07833333333333334
1722,0.20833333333333334,0.6733333333333333,0.11833333333333333
1913,0.3566666666666667,0.215,0.42833333333333334
1428,0.4266666666666667,0.22,0.35333333333333333
2145,0.16666666666666666,0.795,0.03833333333333333
3012,0.03333333333333333,0.9283333333333333,0.03833333333333333
1977,0.44,0.29833333333333334,0.26166666666666666
1472,0.345,0.355,0.3
1814,0.09833333333333333,0.08166666666666667,0.82
2522,0.08666666666666667,0.8816666666666667,0.03166666666666667
1359,0.1,0.056666666666666664,0.8433333333333334
1198,0.215,0.125,0.66
2484,0.2816666666666667,0.22166666666666668,0.49666666666666665
176,0.3016666666666667,0.51,0.18833333333333332
342,0.19666666666666666,0.575,0.22833333333333333
2873,0.2683333333333333,0.6816666666666666,0.05
193,0.23333333333333334,0.47833333333333333,0.28833333333333333
2849,0.2816666666666667,0.45166666666666666,0.26666666666666666
526,0.215,0.7183333333333334,0.06666666666666667
2007,0.19666666666666666,0.25333333333333335,0.55
467,0.275,0.36333333333333334,0.3616666666666667
1260,0.25333333333333335,0.37833333333333335,0.36833333333333335
2200,0.051666666666666666,0.8683333333333333,0.08
2079,0.38166666666666665,0.32666666666666666,0.2916666666666667
2727,0.385,0.27,0.345
2836,0.17166666666666666,0.605,0.22333333333333333
2971,0.27666666666666667,0.4116666666666667,0.31166666666666665
2923,0.085,0.85,0.065
1426,0.09166666666666666,0.825,0.08333333333333333
2892,0.32166666666666666,0.4,0.2783333333333333
1067,0.27666666666666667,0.495,0.22833333333333333
1503,0.14166666666666666,0.77,0.08833333333333333
1069,0.12833333333333333,0.7483333333333333,0.12333333333333334
2255,0.20666666666666667,0.27666666666666667,0.5166666666666667
2436,0.2966666666666667,0.6083333333333333,0.095
146,0.24333333333333335,0.175,0.5816666666666667
2790,0.42,0.3283333333333333,0.25166666666666665
1382,0.17666666666666667,0.585,0.23833333333333334
2083,0.3016666666666667,0.4866666666666667,0.21166666666666667
717,0.3466666666666667,0.2966666666666667,0.3566666666666667
197,0.2916666666666667,0.5116666666666667,0.19666666666666666
2049,0.42833333333333334,0.38333333333333336,0.18833333333333332
1425,0.19666666666666666,0.6783333333333333,0.125
85,0.235,0.5033333333333333,0.26166666666666666
1690,0.3433333333333333,0.5416666666666666,0.115
233,0.12666666666666668,0.6816666666666666,0.19166666666666668
772,0.36,0.38,0.26
1770,0.09666666666666666,0.8283333333333334,0.075
288,0.30333333333333334,0.4716666666666667,0.225
1818,0.36833333333333335,0.36,0.27166666666666667
758,0.39,0.17833333333333334,0.43166666666666664
2635,0.34833333333333333,0.5066666666666667,0.145
2351,0.2733333333333333,0.14,0.5866666666666667
2298,0.23166666666666666,0.32166666666666666,0.44666666666666666
2275,0.255,0.515,0.23
347,0.3016666666666667,0.2816666666666667,0.4166666666666667
2332,0.22333333333333333,0.395,0.38166666666666665
2646,0.285,0.115,0.6
836,0.2783333333333333,0.43666666666666665,0.285
2118,0.11833333333333333,0.13666666666666666,0.745
1031,0.21333333333333335,0.6833333333333333,0.10333333333333333
1343,0.16166666666666665,0.75,0.08833333333333333
1939,0.345,0.205,0.45
1805,0.285,0.3516666666666667,0.36333333333333334
56,0.31,0.43333333333333335,0.25666666666666665
561,0.175,0.6066666666666667,0.21833333333333332
2160,0.43333333333333335,0.40166666666666667,0.165
555,0.225,0.6416666666666667,0.13333333333333333
2264,0.24833333333333332,0.6216666666666667,0.13
2412,0.23833333333333334,0.745,0.016666666666666666
3034,0.305,0.49,0.205
1048,0.275,0.4583333333333333,0.26666666666666666
1782,0.54,0.3516666666666667,0.10833333333333334
2432,0.30333333333333334,0.44666666666666666,0.25
2278,0.12,0.7266666666666667,0.15333333333333332
510,0.23166666666666666,0.405,0.36333333333333334
824,0.3,0.615,0.085
372,0.19,0.15,0.66
2526,0.10833333333333334,0.86,0.03166666666666667
1402,0.225,0.5583333333333333,0.21666666666666667
2309,0.41,0.4066666666666667,0.18333333333333332
1150,0.22666666666666666,0.49166666666666664,0.2816666666666667
76,0.21833333333333332,0.505,0.27666666666666667
2422,0.22,0.5383333333333333,0.24166666666666667
1225,0.24,0.47833333333333333,0.2816666666666667
1433,0.3416666666666667,0.305,0.35333333333333333
1998,0.31166666666666665,0.5916666666666667,0.09666666666666666
363,0.31666666666666665,0.41,0.2733333333333333
341,0.24,0.6283333333333333,0.13166666666666665
1563,0.08166666666666667,0.865,0.05333333333333334
2103,0.26166666666666666,0.43333333333333335,0.305
1214,0.20166666666666666,0.6383333333333333,0.16
202,0.185,0.19,0.625
2847,0.2833333333333333,0.47,0.24666666666666667
1645,0.16666666666666666,0.18,0.6533333333333333
435,0.2816666666666667,0.3433333333333333,0.375
2729,0.21,0.155,0.635
48,0.34,0.10666666666666667,0.5533333333333333
1817,0.10833333333333334,0.5666666666666667,0.325
641,0.28,0.48833333333333334,0.23166666666666666
2316,0.13166666666666665,0.6416666666666667,0.22666666666666666
731,0.3233333333333333,0.5816666666666667,0.095
518,0.23,0.22833333333333333,0.5416666666666666
2817,0.25166666666666665,0.42,0.3283333333333333
364,0.235,0.225,0.54
1611,0.3383333333333333,0.5533333333333333,0.10833333333333334
1171,0.23666666666666666,0.6366666666666667,0.12666666666666668
1651,0.2,0.7166666666666667,0.08333333333333333
1708,0.37833333333333335,0.34,0.2816666666666667
2960,0.235,0.11166666666666666,0.6533333333333333
865,0.295,0.5133333333333333,0.19166666666666668
935,0.24833333333333332,0.575,0.17666666666666667
1938,0.2866666666666667,0.35,0.36333333333333334
2498,0.2816666666666667,0.305,0.41333333333333333
591,0.17,0.6433333333333333,0.18666666666666668
2306,0.32,0.2833333333333333,0.39666666666666667
2722,0.215,0.5433333333333333,0.24166666666666667
993,0.3466666666666667,0.5116666666666667,0.14166666666666666
2466,0.32666666666666666,0.345,0.3283333333333333
96,0.245,0.4533333333333333,0.3016666666666667
2821,0.27166666666666667,0.41333333333333333,0.315
571,0.335,0.5016666666666667,0.16333333333333333
358,0.25,0.405,0.345
1283,0.175,0.5666666666666667,0.25833333333333336
582,0.22666666666666666,0.2733333333333333,0.5
2383,0.19166666666666668,0.7733333333333333,0.035
2586,0.32,0.27,0.41
693,0.20666666666666667,0.175,0.6183333333333333
1040,0.33,0.4216666666666667,0.24833333333333332
1308,0.30333333333333334,0.4266666666666667,0.27
629,0.4066666666666667,0.265,0.3283333333333333
1279,0.305,0.11,0.585
145,0.21333333333333335,0.43,0.3566666666666667
2709,0.15166666666666667,0.18333333333333332,0.665
913,0.18833333333333332,0.17,0.6416666666666667
1489,0.21666666666666667,0.31166666666666665,0.4716666666666667
1891,0.25166666666666665,0.525,0.22333333333333333
477,0.22833333333333333,0.5283333333333333,0.24333333333333335
2356,0.16333333333333333,0.5366666666666666,0.3
2158,0.16,0.6816666666666666,0.15833333333333333
2802,0.22333333333333333,0.5633333333333334,0.21333333333333335
270,0.15833333333333333,0.7366666666666667,0.105
2810,0.32666666666666666,0.4116666666666667,0.26166666666666666
978,0.29,0.5216666666666666,0.18833333333333332
2174,0.11,0.7883333333333333,0.10166666666666667
2470,0.22666666666666666,0.66,0.11333333333333333
1873,0.24666666666666667,0.23333333333333334,0.52
2047,0.365,0.315,0.32
1411,0.4,0.20666666666666667,0.3933333333333333
574,0.295,0.3616666666666667,0.3433333333333333
2439,0.355,0.4483333333333333,0.19666666666666666
1486,0.37333333333333335,0.44,0.18666666666666668
1899,0.3383333333333333,0.485,0.17666666666666667
723,0.21833333333333332,0.705,0.07666666666666666
2760,0.17333333333333334,0.7533333333333333,0.07333333333333333
140,0.21666666666666667,0.5933333333333334,0.19
1985,0.37166666666666665,0.27666666666666667,0.3516666666666667
1834,0.19,0.625,0.185
11,0.14,0.74,0.12
674,0.14833333333333334,0.5533333333333333,0.29833333333333334
697,0.20333333333333334,0.7266666666666667,0.07
1484,0.3383333333333333,0.37833333333333335,0.2833333333333333
2485,0.11833333333333333,0.8216666666666667,0.06
2674,0.23666666666666666,0.56,0.20333333333333334
2730,0.19166666666666668,0.11833333333333333,0.69
1539,0.295,0.08333333333333333,0.6216666666666667
733,0.30666666666666664,0.47833333333333333,0.215
73,0.4066666666666667,0.3333333333333333,0.26
300,0.25,0.5533333333333333,0.19666666666666666
299,0.43333333333333335,0.42,0.14666666666666667
2588,0.315,0.3433333333333333,0.3416666666666667
2365,0.3383333333333333,0.31333333333333335,0.34833333333333333
2344,0.17333333333333334,0.17666666666666667,0.65
1262,0.47333333333333333,0.43833333333333335,0.08833333333333333
2114,0.13166666666666665,0.855,0.013333333333333334
2798,0.275,0.43,0.295
1519,0.15666666666666668,0.6733333333333333,0.17
72,0.25,0.44,0.31
681,0.08833333333333333,0.83,0.08166666666666667
1061,0.2866666666666667,0.5866666666666667,0.12666666666666668
2296,0.37333333333333335,0.37666666666666665,0.25
2728,0.2683333333333333,0.36833333333333335,0.36333333333333334
2809,0.15666666666666668,0.6983333333333334,0.145
259,0.16,0.7833333333333333,0.056666666666666664
2894,0.255,0.5333333333333333,0.21166666666666667
1127,0.19,0.3383333333333333,0.4716666666666667
631,0.12166666666666667,0.81,0.06833333333333333
751,0.175,0.7616666666666667,0.06333333333333334
1545,0.235,0.545,0.22
2333,0.25,0.63,0.12
335,0.24833333333333332,0.545,0.20666666666666667
2277,0.38666666666666666,0.3233333333333333,0.29
1554,0.32666666666666666,0.47,0.20333333333333334
2921,0.30833333333333335,0.56,0.13166666666666665
254,0.3983333333333333,0.49,0.11166666666666666
1485,0.23166666666666666,0.40166666666666667,0.36666666666666664
1781,0.21,0.455,0.335
1090,0.21666666666666667,0.5283333333333333,0.255
1979,0.27166666666666667,0.5366666666666666,0.19166666666666668
1656,0.205,0.735,0.06
1934,0.5216666666666666,0.235,0.24333333333333335
287,0.22833333333333333,0.5583333333333333,0.21333333333333335
1693,0.225,0.6,0.175
2879,0.32166666666666666,0.25166666666666665,0.4266666666666667
2763,0.38333333333333336,0.165,0.45166666666666666
2254,0.305,0.48333333333333334,0.21166666666666667
2549,0.32666666666666666,0.23166666666666666,0.44166666666666665
1297,0.22833333333333333,0.5083333333333333,0.2633333333333333
1830,0.3016666666666667,0.5416666666666666,0.15666666666666668
408,0.36666666666666664,0.3933333333333333,0.24
1120,0.30666666666666664,0.5316666666666666,0.16166666666666665
3032,0.4666666666666667,0.155,0.37833333333333335
292,0.29,0.195,0.515
351,0.3566666666666667,0.4116666666666667,0.23166666666666666
1265,0.4033333333333333,0.21833333333333332,0.37833333333333335
165,0.28833333333333333,0.45,0.26166666666666666
559,0.24,0.515,0.245
19,0.19833333333333333,0.47,0.33166666666666667
348,0.25833333333333336,0.155,0.5866666666666667
2717,0.355,0.37333333333333335,0.27166666666666667
1047,0.3283333333333333,0.36333333333333334,0.30833333333333335
242,0.29333333333333333,0.2833333333333333,0.42333333333333334
2689,0.45166666666666666,0.235,0.31333333333333335
2852,0.46166666666666667,0.17166666666666666,0.36666666666666664
243,0.23166666666666666,0.6133333333333333,0.155
3039,0.27666666666666667,0.4683333333333333,0.255
894,0.12333333333333334,0.7733333333333333,0.10333333333333333
41,0.20333333333333334,0.645,0.15166666666666667
1989,0.22333333333333333,0.5966666666666667,0.18
1186,0.29,0.44333333333333336,0.26666666666666666
2336,0.29333333333333333,0.37333333333333335,0.3333333333333333
2552,0.37333333333333335,0.33,0.2966666666666667
64,0.25,0.40166666666666667,0.34833333333333333
1306,0.25333333333333335,0.385,0.3616666666666667
1954,0.24,0.47,0.29
2617,0.48833333333333334,0.27666666666666667,0.235
1644,0.08666666666666667,0.8383333333333334,0.075
1281,0.175,0.145,0.68
475,0.23666666666666666,0.635,0.12833333333333333
1812,0.31833333333333336,0.4066666666666667,0.275
234,0.24,0.5733333333333334,0.18666666666666668
2973,0.19166666666666668,0.6066666666666667,0.20166666666666666
1596,0.18,0.12,0.7
2592,0.05333333333333334,0.85,0.09666666666666666
1866,0.3516666666666667,0.46,0.18833333333333332
2181,0.235,0.40166666666666667,0.36333333333333334
2190,0.27166666666666667,0.5833333333333334,0.145
532,0.30833333333333335,0.41333333333333333,0.2783333333333333
1795,0.4116666666666667,0.2966666666666667,0.2916666666666667
907,0.21166666666666667,0.5333333333333333,0.255
2257,0.32666666666666666,0.11833333333333333,0.555
1373,0.20333333333333334,0.715,0.08166666666666667
40,0.12,0.84,0.04
2261,0.205,0.19333333333333333,0.6016666666666667
2206,0.44,0.41833333333333333,0.14166666666666666
2748,0.28833333333333333,0.3,0.4116666666666667
101,0.38,0.375,0.245
396,0.25166666666666665,0.525,0.22333333333333333
182,0.3,0.6133333333333333,0.08666666666666667
2575,0.25666666666666665,0.49166666666666664,0.25166666666666665
1993,0.18666666666666668,0.725,0.08833333333333333
1538,0.42833333333333334,0.43,0.14166666666666666
2968,0.465,0.37166666666666665,0.16333333333333333
26,0.19666666666666666,0.4066666666666667,0.39666666666666667
1997,0.35,0.36833333333333335,0.2816666666666667
2890,0.155,0.815,0.03
180,0.21833333333333332,0.7616666666666667,0.02
1584,0.215,0.5233333333333333,0.26166666666666666
1752,0.43333333333333335,0.24833333333333332,0.31833333333333336
2562,0.31666666666666665,0.195,0.48833333333333334
1375,0.315,0.5316666666666666,0.15333333333333332
1032,0.36,0.34,0.3
1768,0.3283333333333333,0.45166666666666666,0.22
1184,0.15833333333333333,0.6766666666666666,0.165
2686,0.3883333333333333,0.14166666666666666,0.47
1017,0.2783333333333333,0.3516666666666667,0.37
3024,0.2783333333333333,0.45166666666666666,0.27
272,0.4266666666666667,0.27166666666666667,0.3016666666666667
1247,0.22666666666666666,0.20666666666666667,0.5666666666666667
668,0.29833333333333334,0.59,0.11166666666666666
860,0.12833333333333333,0.8116666666666666,0.06
754,0.275,0.5233333333333333,0.20166666666666666
107,0.31333333333333335,0.09333333333333334,0.5933333333333334
63,0.22166666666666668,0.5016666666666667,0.27666666666666667
2139,0.32,0.27166666666666667,0.4083333333333333
955,0.22,0.215,0.565
1615,0.2833333333333333,0.2,0.5166666666666667
2235,0.43333333333333335,0.4066666666666667,0.16
142,0.18,0.6566666666666666,0.16333333333333333
430,0.275,0.07666666666666666,0.6483333333333333
2191,0.37833333333333335,0.15,0.4716666666666667
1431,0.17833333333333334,0.52,0.3016666666666667
438,0.38166666666666665,0.26,0.35833333333333334
1119,0.19833333333333333,0.6083333333333333,0.19333333333333333
2591,0.2966666666666667,0.38333333333333336,0.32
208,0.335,0.45666666666666667,0.20833333333333334
177,0.19333333333333333,0.29833333333333334,0.5083333333333333
2213,0.21666666666666667,0.6833333333333333,0.1
971,0.4666666666666667,0.175,0.35833333333333334
1685,0.25666666666666665,0.08166666666666667,0.6616666666666666
2369,0.36,0.42833333333333334,0.21166666666666667
626,0.26666666666666666,0.5283333333333333,0.205
2762,0.23666666666666666,0.5883333333333334,0.175
2155,0.19,0.635,0.175
625,0.335,0.3566666666666667,0.30833333333333335
1091,0.225,0.14333333333333334,0.6316666666666667
87,0.305,0.375,0.32
932,0.37333333333333335,0.16,0.4666666666666667
516,0.35333333333333333,0.3883333333333333,0.25833333333333336
1286,0.225,0.4866666666666667,0.28833333333333333
2414,0.24333333333333335,0.24166666666666667,0.515
2782,0.25833333333333336,0.20333333333333334,0.5383333333333333
2059,0.3933333333333333,0.22,0.38666666666666666
1540,0.29333333333333333,0.48,0.22666666666666666
1046,0.22,0.4216666666666667,0.35833333333333334
2105,0.375,0.22666666666666666,0.3983333333333333
2170,0.21,0.5616666666666666,0.22833333333333333
2707,0.15833333333333333,0.6233333333333333,0.21833333333333332
502,0.255,0.42333333333333334,0.32166666666666666
2731,0.405,0.20666666666666667,0.3883333333333333
1344,0.23,0.415,0.355
91,0.3433333333333333,0.41,0.24666666666666667
2323,0.32166666666666666,0.41333333333333333,0.265
1202,0.24333333333333335,0.455,0.3016666666666667
2944,0.12333333333333334,0.68,0.19666666666666666
688,0.36833333333333335,0.3933333333333333,0.23833333333333334
2234,0.18833333333333332,0.6016666666666667,0.21
967,0.23666666666666666,0.585,0.17833333333333334
236,0.26166666666666666,0.5083333333333333,0.23
2008,0.355,0.5366666666666666,0.10833333333333334
1852,0.31833333333333336,0.455,0.22666666666666666
2438,0.4266666666666667,0.435,0.13833333333333334
1096,0.3983333333333333,0.42,0.18166666666666667
973,0.22833333333333333,0.45166666666666666,0.32
2098,0.3466666666666667,0.43833333333333335,0.215
646,0.24,0.16666666666666666,0.5933333333333334
2556,0.22666666666666666,0.5283333333333333,0.245
1986,0.35833333333333334,0.42333333333333334,0.21833333333333332
1156,0.25666666666666665,0.44666666666666666,0.2966666666666667
933,0.175,0.155,0.67
2957,0.3883333333333333,0.21833333333333332,0.3933333333333333
1266,0.25333333333333335,0.5666666666666667,0.18
2583,0.325,0.225,0.45
345,0.255,0.415,0.33
2450,0.18333333333333332,0.7416666666666667,0.075
505,0.24666666666666667,0.67,0.08333333333333333
2135,0.2683333333333333,0.435,0.2966666666666667
524,0.145,0.8466666666666667,0.008333333333333333
463,0.07833333333333334,0.8816666666666667,0.04
482,0.31666666666666665,0.43833333333333335,0.245
1298,0.25333333333333335,0.25166666666666665,0.495
2833,0.25,0.64,0.11
2076,0.18166666666666667,0.7366666666666667,0.08166666666666667
192,0.24666666666666667,0.41,0.3433333333333333
126,0.205,0.20666666666666667,0.5883333333333334
1421,0.32666666666666666,0.43,0.24333333333333335
46,0.31833333333333336,0.325,0.3566666666666667
164,0.4216666666666667,0.36,0.21833333333333332
1400,0.35833333333333334,0.4216666666666667,0.22
902,0.24666666666666667,0.08833333333333333,0.665
1589,0.27,0.3233333333333333,0.4066666666666667
1352,0.35,0.30833333333333335,0.3416666666666667
1103,0.3383333333333333,0.4066666666666667,0.255
2955,0.33166666666666667,0.3466666666666667,0.32166666666666666
2334,0.3933333333333333,0.39,0.21666666666666667
1537,0.185,0.7366666666666667,0.07833333333333334
2004,0.27666666666666667,0.4716666666666667,0.25166666666666665
861,0.2966666666666667,0.34,0.36333333333333334
739,0.39166666666666666,0.31833333333333336,0.29
1168,0.2633333333333333,0.10666666666666667,0.63
569,0.24333333333333335,0.6766666666666666,0.08
2938,0.4483333333333333,0.16166666666666665,0.39
2545,0.32666666666666666,0.33,0.3433333333333333
2992,0.20333333333333334,0.2733333333333333,0.5233333333333333
1581,0.28,0.3983333333333333,0.32166666666666666
2001,0.36,0.3933333333333333,0.24666666666666667
1548,0.22333333333333333,0.5483333333333333,0.22833333333333333
2978,0.3516666666666667,0.4483333333333333,0.2
2195,0.37,0.325,0.305
2690,0.215,0.42833333333333334,0.3566666666666667
2082,0.38,0.38,0.24
2099,0.425,0.3283333333333333,0.24666666666666667
2835,0.3516666666666667,0.4716666666666667,0.17666666666666667
2111,0.31333333333333335,0.24,0.44666666666666666
1608,0.16666666666666666,0.6266666666666667,0.20666666666666667
1886,0.235,0.4,0.365
1488,0.35333333333333333,0.34,0.30666666666666664
480,0.43833333333333335,0.32166666666666666,0.24
1159,0.235,0.29333333333333333,0.4716666666666667
1242,0.3233333333333333,0.6083333333333333,0.06833333333333333
2086,0.20833333333333334,0.7033333333333334,0.08833333333333333
1684,0.14333333333333334,0.065,0.7916666666666666
2872,0.22,0.62,0.16
2360,0.26,0.16166666666666665,0.5783333333333334
1591,0.275,0.49666666666666665,0.22833333333333333
1680,0.27666666666666667,0.44,0.2833333333333333
307,0.4116666666666667,0.36833333333333335,0.22
1167,0.4033333333333333,0.31666666666666665,0.28
2530,0.08166666666666667,0.14833333333333334,0.77
346,0.33166666666666667,0.415,0.25333333333333335
2672,0.2866666666666667,0.3516666666666667,0.3616666666666667
2633,0.3933333333333333,0.34833333333333333,0.25833333333333336
1557,0.29833333333333334,0.14666666666666667,0.555
2403,0.058333333333333334,0.925,0.016666666666666666
1001,0.205,0.2733333333333333,0.5216666666666666
479,0.25166666666666665,0.7083333333333334,0.04
2965,0.245,0.5033333333333333,0.25166666666666665
1648,0.2966666666666667,0.4166666666666667,0.2866666666666667
2932,0.29833333333333334,0.3616666666666667,0.34
2654,0.165,0.68,0.155
520,0.38166666666666665,0.36333333333333334,0.255
2144,0.3466666666666667,0.43666666666666665,0.21666666666666667
699,0.22,0.245,0.535
1291,0.12666666666666668,0.805,0.06833333333333333
2491,0.055,0.06166666666666667,0.8833333333333333
1024,0.3383333333333333,0.22166666666666668,0.44
2841,0.205,0.13,0.665
1813,0.32666666666666666,0.26666666666666666,0.4066666666666667
1861,0.25666666666666665,0.43333333333333335,0.31
1916,0.31166666666666665,0.155,0.5333333333333333
2814,0.18666666666666668,0.6216666666666667,0.19166666666666668
58,0.22,0.4816666666666667,0.29833333333333334
1883,0.29833333333333334,0.12,0.5816666666666667
1395,0.215,0.405,0.38
2350,0.28,0.5416666666666666,0.17833333333333334
2683,0.12833333333333333,0.8033333333333333,0.06833333333333333
92,0.35,0.3416666666666667,0.30833333333333335
2063,0.285,0.3233333333333333,0.39166666666666666
2597,0.21333333333333335,0.5916666666666667,0.195
1874,0.32666666666666666,0.33166666666666667,0.3416666666666667
2401,0.16333333333333333,0.44666666666666666,0.39
819,0.34,0.34833333333333333,0.31166666666666665
2554,0.065,0.9033333333333333,0.03166666666666667
624,0.22666666666666666,0.11333333333333333,0.66
47,0.18833333333333332,0.16166666666666665,0.65
86,0.275,0.34833333333333333,0.37666666666666665
570,0.22833333333333333,0.43333333333333335,0.3383333333333333
2850,0.2816666666666667,0.6383333333333333,0.08
54,0.3283333333333333,0.35833333333333334,0.31333333333333335
990,0.10166666666666667,0.7733333333333333,0.125
966,0.27,0.5583333333333333,0.17166666666666666
1196,0.305,0.36666666666666664,0.3283333333333333
713,0.44,0.25333333333333335,0.30666666666666664
996,0.3383333333333333,0.20166666666666666,0.46
2878,0.3233333333333333,0.21166666666666667,0.465
1237,0.37333333333333335,0.355,0.27166666666666667
1549,0.43,0.36,0.21
550,0.15666666666666668,0.7766666666666666,0.06666666666666667
2834,0.22166666666666668,0.5933333333333334,0.185
1984,0.21333333333333335,0.63,0.15666666666666668
2317,0.2,0.62,0.18
2320,0.24,0.5266666666666666,0.23333333333333334
1798,0.37,0.415,0.215
1055,0.2783333333333333,0.58,0.14166666666666666
1342,0.27666666666666667,0.3383333333333333,0.385
2688,0.365,0.23333333333333334,0.40166666666666667
972,0.30833333333333335,0.5033333333333333,0.18833333333333332
1309,0.40166666666666667,0.285,0.31333333333333335
1377,0.27,0.42,0.31
2712,0.315,0.44333333333333336,0.24166666666666667
1078,0.44166666666666665,0.21833333333333332,0.34
775,0.2866666666666667,0.185,0.5283333333333333
1357,0.185,0.685,0.13
2165,0.135,0.7083333333333334,0.15666666666666668
230,0.16833333333333333,0.64,0.19166666666666668
2735,0.12166666666666667,0.7816666666666666,0.09666666666666666
2682,0.3,0.61,0.09
779,0.295,0.3883333333333333,0.31666666666666665
1800,0.2633333333333333,0.41333333333333333,0.3233333333333333
2813,0.31,0.47833333333333333,0.21166666666666667
1165,0.3,0.5983333333333334,0.10166666666666667
887,0.3383333333333333,0.345,0.31666666666666665
977,0.3516666666666667,0.3233333333333333,0.325
2820,0.25,0.62,0.13
392,0.31833333333333336,0.45,0.23166666666666666
1721,0.20666666666666667,0.63,0.16333333333333333
1212,0.22,0.5366666666666666,0.24333333333333335
1646,0.26666666666666666,0.32666666666666666,0.4066666666666667
2043,0.07666666666666666,0.9033333333333333,0.02
666,0.295,0.425,0.28
2042,0.305,0.525,0.17
815,0.295,0.3283333333333333,0.37666666666666665
1129,0.31,0.125,0.565
682,0.30666666666666664,0.10833333333333334,0.585
1567,0.2,0.39166666666666666,0.4083333333333333
895,0.16833333333333333,0.18,0.6516666666666666
1381,0.09333333333333334,0.07,0.8366666666666667
28,0.23833333333333334,0.10333333333333333,0.6583333333333333
1477,0.28,0.25,0.47
2352,0.14833333333333334,0.8216666666666667,0.03
1380,0.20333333333333334,0.135,0.6616666666666666
2109,0.23333333333333334,0.6766666666666666,0.09
350,0.15166666666666667,0.22,0.6283333333333333
124,0.2633333333333333,0.21,0.5266666666666666
2695,0.28833333333333333,0.5616666666666666,0.15
1075,0.275,0.48333333333333334,0.24166666666666667
1354,0.37166666666666665,0.5133333333333333,0.115
1230,0.2633333333333333,0.6883333333333334,0.04833333333333333
2746,0.29833333333333334,0.41,0.2916666666666667
1941,0.18333333333333332,0.2,0.6166666666666667
1927,0.23,0.13,0.64
2487,0.33666666666666667,0.38333333333333336,0.28
2428,0.18166666666666667,0.69,0.12833333333333333
541,0.32666666666666666,0.395,0.2783333333333333
470,0.13666666666666666,0.8233333333333334,0.04
1003,0.275,0.5533333333333333,0.17166666666666666
2893,0.29833333333333334,0.6083333333333333,0.09333333333333334
1117,0.5033333333333333,0.36333333333333334,0.13333333333333333
1480,0.25166666666666665,0.6183333333333333,0.13
2510,0.28,0.49333333333333335,0.22666666666666666
747,0.24666666666666667,0.4083333333333333,0.345
1619,0.2966666666666667,0.08666666666666667,0.6166666666666667
2659,0.20833333333333334,0.11833333333333333,0.6733333333333333
260,0.14666666666666667,0.5916666666666667,0.26166666666666666
16,0.18333333333333332,0.695,0.12166666666666667
1447,0.31666666666666665,0.21166666666666667,0.4716666666666667
1041,0.14833333333333334,0.62,0.23166666666666666
2536,0.22833333333333333,0.3466666666666667,0.425
444,0.43333333333333335,0.31333333333333335,0.25333333333333335
1374,0.115,0.865,0.02
1712,0.23,0.5366666666666666,0.23333333333333334
155,0.3333333333333333,0.31,0.3566666666666667
1181,0.3,0.30666666666666664,0.3933333333333333
2580,0.3016666666666667,0.35833333333333334,0.34
1829,0.32166666666666666,0.31,0.36833333333333335
908,0.22166666666666668,0.4266666666666667,0.3516666666666667
1551,0.2916666666666667,0.4683333333333333,0.24
68,0.3883333333333333,0.38166666666666665,0.23
802,0.25166666666666665,0.16166666666666665,0.5866666666666667
424,0.16833333333333333,0.8016666666666666,0.03
538,0.36,0.43666666666666665,0.20333333333333334
2769,0.20166666666666666,0.47,0.3283333333333333
1832,0.06,0.8116666666666666,0.12833333333333333
858,0.2,0.5233333333333333,0.27666666666666667
2380,0.4816666666666667,0.33666666666666667,0.18166666666666667
1126,0.315,0.4583333333333333,0.22666666666666666
2585,0.265,0.3983333333333333,0.33666666666666667
2363,0.22166666666666668,0.7483333333333333,0.03
1025,0.43333333333333335,0.44666666666666666,0.12
1470,0.24833333333333332,0.5333333333333333,0.21833333333333332
694,0.33666666666666667,0.4866666666666667,0.17666666666666667
449,0.19166666666666668,0.735,0.07333333333333333
103,0.3616666666666667,0.35333333333333333,0.285
523,0.415,0.4,0.185
2031,0.2733333333333333,0.49166666666666664,0.235
1914,0.3466666666666667,0.36666666666666664,0.2866666666666667
1666,0.24,0.12166666666666667,0.6383333333333333
590,0.22,0.215,0.565
1176,0.25833333333333336,0.17833333333333334,0.5633333333333334
1878,0.28,0.29,0.43
1659,0.17833333333333334,0.17666666666666667,0.645
1987,0.28833333333333333,0.5283333333333333,0.18333333333333332
1294,0.165,0.7783333333333333,0.056666666666666664
309,0.07,0.8483333333333334,0.08166666666666667
888,0.245,0.12166666666666667,0.6333333333333333
410,0.29833333333333334,0.45,0.25166666666666665
1410,0.085,0.8483333333333334,0.06666666666666667
2310,0.3516666666666667,0.45166666666666666,0.19666666666666666
2936,0.255,0.5683333333333334,0.17666666666666667
1429,0.23833333333333334,0.06,0.7016666666666667
1555,0.19333333333333333,0.11,0.6966666666666667
2714,0.325,0.585,0.09
240,0.37166666666666665,0.43833333333333335,0.19
2618,0.125,0.7683333333333333,0.10666666666666667
2443,0.3883333333333333,0.44,0.17166666666666666
310,0.13,0.7166666666666667,0.15333333333333332
1679,0.23833333333333334,0.5666666666666667,0.195
3018,0.185,0.2966666666666667,0.5183333333333333
2963,0.37166666666666665,0.5066666666666667,0.12166666666666667
1860,0.30666666666666664,0.385,0.30833333333333335
171,0.31,0.3233333333333333,0.36666666666666664
2068,0.25,0.155,0.595
1699,0.23833333333333334,0.49666666666666665,0.265
43,0.2783333333333333,0.4666666666666667,0.255
1853,0.385,0.365,0.25
281,0.2833333333333333,0.415,0.3016666666666667
1996,0.24666666666666667,0.53,0.22333333333333333
2433,0.30333333333333334,0.41333333333333333,0.2833333333333333
1014,0.22,0.5683333333333334,0.21166666666666667
304,0.23666666666666666,0.5783333333333334,0.185
519,0.08333333333333333,0.8633333333333333,0.05333333333333334
3016,0.31166666666666665,0.25,0.43833333333333335
2753,0.20833333333333334,0.49166666666666664,0.3
2197,0.27666666666666667,0.5933333333333334,0.13
148,0.22166666666666668,0.14833333333333334,0.63
2173,0.19166666666666668,0.34833333333333333,0.46
3022,0.265,0.4633333333333333,0.27166666666666667
2065,0.175,0.6433333333333333,0.18166666666666667
2319,0.2866666666666667,0.5116666666666667,0.20166666666666666
2156,0.24666666666666667,0.37166666666666665,0.38166666666666665
687,0.32166666666666666,0.2683333333333333,0.41
1187,0.18666666666666668,0.6516666666666666,0.16166666666666665
2565,0.03666666666666667,0.835,0.12833333333333333
1612,0.24166666666666667,0.685,0.07333333333333333
2335,0.2733333333333333,0.45,0.27666666666666667
2791,0.26,0.5433333333333333,0.19666666666666666
3038,0.21666666666666667,0.20666666666666667,0.5766666666666667
639,0.28833333333333333,0.22,0.49166666666666664
2073,0.23666666666666666,0.3933333333333333,0.37
1877,0.44166666666666665,0.3516666666666667,0.20666666666666667
1966,0.18166666666666667,0.19666666666666666,0.6216666666666667
2737,0.325,0.37666666666666665,0.29833333333333334
2318,0.305,0.43833333333333335,0.25666666666666665
1732,0.305,0.39166666666666666,0.30333333333333334
2799,0.20166666666666666,0.625,0.17333333333333334
1391,0.25,0.49833333333333335,0.25166666666666665
715,0.295,0.255,0.45
721,0.155,0.7483333333333333,0.09666666666666666
2816,0.45,0.23666666666666666,0.31333333333333335
2146,0.285,0.5166666666666667,0.19833333333333333
1604,0.29,0.4583333333333333,0.25166666666666665
1392,0.07833333333333334,0.8483333333333334,0.07333333333333333
790,0.3516666666666667,0.45666666666666667,0.19166666666666668
2538,0.33166666666666667,0.4116666666666667,0.25666666666666665
825,0.20666666666666667,0.29333333333333333,0.5
128,0.28,0.3983333333333333,0.32166666666666666
2444,0.235,0.7266666666666667,0.03833333333333333
159,0.17833333333333334,0.7833333333333333,0.03833333333333333
3029,0.24666666666666667,0.29333333333333333,0.46
803,0.24833333333333332,0.245,0.5066666666666667
1416,0.18833333333333332,0.42,0.39166666666666666
1378,0.26666666666666666,0.385,0.34833333333333333
162,0.19166666666666668,0.43666666666666665,0.37166666666666665
1336,0.16,0.5583333333333333,0.2816666666666667
1718,0.20833333333333334,0.4083333333333333,0.38333333333333336
798,0.5016666666666667,0.185,0.31333333333333335
584,0.22833333333333333,0.6883333333333334,0.08333333333333333
1716,0.16166666666666665,0.195,0.6433333333333333
757,0.395,0.08666666666666667,0.5183333333333333
356,0.36833333333333335,0.3616666666666667,0.27
1558,0.4633333333333333,0.18166666666666667,0.355
1153,0.4766666666666667,0.36333333333333334,0.16
421,0.13,0.19166666666666668,0.6783333333333333
1583,0.19833333333333333,0.675,0.12666666666666668
1405,0.16833333333333333,0.7016666666666667,0.13
2907,0.25833333333333336,0.6116666666666667,0.13
1027,0.34833333333333333,0.41,0.24166666666666667
403,0.25833333333333336,0.4116666666666667,0.33
431,0.26666666666666666,0.585,0.14833333333333334
339,0.27166666666666667,0.5,0.22833333333333333
1923,0.11833333333333333,0.835,0.04666666666666667
1379,0.23333333333333334,0.45166666666666666,0.315
807,0.3016666666666667,0.35,0.34833333333333333
428,0.35833333333333334,0.565,0.07666666666666666
1588,0.28833333333333333,0.49,0.22166666666666668
2546,0.27666666666666667,0.56,0.16333333333333333
846,0.3933333333333333,0.335,0.27166666666666667
1122,0.31333333333333335,0.175,0.5116666666666667
147,0.365,0.42333333333333334,0.21166666666666667
1825,0.23333333333333334,0.4766666666666667,0.29
592,0.2783333333333333,0.5016666666666667,0.22
1022,0.22666666666666666,0.515,0.25833333333333336
1111,0.2866666666666667,0.175,0.5383333333333333
2447,0.215,0.485,0.3
1983,0.08666666666666667,0.79,0.12333333333333334
1471,0.22,0.22833333333333333,0.5516666666666666
597,0.22833333333333333,0.715,0.056666666666666664
1302,0.29833333333333334,0.35,0.3516666666666667
432,0.2816666666666667,0.4666666666666667,0.25166666666666665
1808,0.34,0.44333333333333336,0.21666666666666667
2251,0.22166666666666668,0.35,0.42833333333333334
2825,0.385,0.415,0.2
2569,0.31833333333333336,0.38,0.3016666666666667
231,0.35,0.31833333333333336,0.33166666666666667
2085,0.31333333333333335,0.35333333333333333,0.3333333333333333
1334,0.31666666666666665,0.4166666666666667,0.26666666666666666
634,0.3383333333333333,0.505,0.15666666666666668
2102,0.15833333333333333,0.11166666666666666,0.73
36,0.2683333333333333,0.13166666666666665,0.6
1618,0.19666666666666666,0.43,0.37333333333333335
2874,0.43833333333333335,0.325,0.23666666666666666
2244,0.145,0.7616666666666667,0.09333333333333334
2193,0.22166666666666668,0.6,0.17833333333333334
474,0.265,0.10333333333333333,0.6316666666666667
2993,0.375,0.405,0.22
183,0.36,0.28833333333333333,0.3516666666666667
2169,0.21833333333333332,0.11333333333333333,0.6683333333333333
852,0.3566666666666667,0.355,0.28833333333333333
374,0.21833333333333332,0.685,0.09666666666666666
1305,0.25333333333333335,0.415,0.33166666666666667
88,0.3616666666666667,0.38333333333333336,0.255
2691,0.21333333333333335,0.06666666666666667,0.72
2673,0.32166666666666666,0.43833333333333335,0.24
2954,0.38333333333333336,0.48,0.13666666666666666
334,0.31166666666666665,0.4683333333333333,0.22
1940,0.34833333333333333,0.37166666666666665,0.28
780,0.04666666666666667,0.88,0.07333333333333333
253,0.31666666666666665,0.37166666666666665,0.31166666666666665
2311,0.3016666666666667,0.18,0.5183333333333333
1992,0.09833333333333333,0.8833333333333333,0.018333333333333333
1926,0.155,0.5866666666666667,0.25833333333333336
2423,0.36,0.3983333333333333,0.24166666666666667
2920,0.39666666666666667,0.21166666666666667,0.39166666666666666
1754,0.23166666666666666,0.26,0.5083333333333333
732,0.275,0.135,0.59
2100,0.35,0.37333333333333335,0.27666666666666667
1481,0.14833333333333334,0.715,0.13666666666666666
1323,0.18,0.7566666666666667,0.06333333333333334
1289,0.19333333333333333,0.51,0.2966666666666667
1701,0.14166666666666666,0.7533333333333333,0.105
437,0.32,0.31,0.37
2199,0.19666666666666666,0.6766666666666666,0.12666666666666668
1341,0.25666666666666665,0.49166666666666664,0.25166666666666665
1753,0.25166666666666665,0.54,0.20833333333333334
1284,0.2866666666666667,0.5783333333333334,0.135
2995,0.27166666666666667,0.29,0.43833333333333335
213,0.21166666666666667,0.635,0.15333333333333332
173,0.16166666666666665,0.6966666666666667,0.14166666666666666
1276,0.24166666666666667,0.18166666666666667,0.5766666666666667
461,0.28,0.24333333333333335,0.4766666666666667
952,0.18833333333333332,0.7616666666666667,0.05
2214,0.12666666666666668,0.8466666666666667,0.02666666666666667
1356,0.2683333333333333,0.15,0.5816666666666667
2453,0.22333333333333333,0.6916666666666667,0.085
2154,0.14666666666666667,0.7133333333333334,0.14
2869,0.24166666666666667,0.5683333333333334,0.19
1980,0.22833333333333333,0.5166666666666667,0.255
1957,0.285,0.17666666666666667,0.5383333333333333
2953,0.36666666666666664,0.2966666666666667,0.33666666666666667
3011,0.25666666666666665,0.6083333333333333,0.135
2619,0.14166666666666666,0.17833333333333334,0.68
1705,0.18666666666666668,0.17333333333333334,0.64
644,0.2966666666666667,0.48333333333333334,0.22
200,0.24666666666666667,0.565,0.18833333333333332
1593,0.2916666666666667,0.5133333333333333,0.195
3037,0.5433333333333333,0.22666666666666666,0.23
2148,0.37333333333333335,0.36833333333333335,0.25833333333333336
1244,0.15666666666666668,0.7833333333333333,0.06
1036,0.24166666666666667,0.345,0.41333333333333333
676,0.23166666666666666,0.21333333333333335,0.555
1835,0.21333333333333335,0.62,0.16666666666666666
2807,0.32,0.195,0.485
1531,0.24666666666666667,0.62,0.13333333333333333
1123,0.30333333333333334,0.285,0.4116666666666667
97,0.32,0.47333333333333333,0.20666666666666667
939,0.22833333333333333,0.5566666666666666,0.215
1038,0.3883333333333333,0.30833333333333335,0.30333333333333334
1029,0.27166666666666667,0.585,0.14333333333333334
670,0.26,0.6233333333333333,0.11666666666666667
2815,0.2,0.31166666666666665,0.48833333333333334
1054,0.31833333333333336,0.32166666666666666,0.36
2089,0.25666666666666665,0.17666666666666667,0.5666666666666667
2152,0.22666666666666666,0.155,0.6183333333333333
1195,0.34833333333333333,0.23833333333333334,0.41333333333333333
1169,0.3433333333333333,0.44,0.21666666666666667
593,0.2783333333333333,0.08166666666666667,0.64
1037,0.4866666666666667,0.15666666666666668,0.3566666666666667
1617,0.19333333333333333,0.5283333333333333,0.2783333333333333
2471,0.215,0.5416666666666666,0.24333333333333335
1248,0.11666666666666667,0.22,0.6633333333333333
2483,0.24666666666666667,0.635,0.11833333333333333
1318,0.21,0.645,0.145
2373,0.29,0.335,0.375
2171,0.3566666666666667,0.37833333333333335,0.265
1193,0.2783333333333333,0.44666666666666666,0.275
2621,0.08666666666666667,0.7383333333333333,0.175
1039,0.27666666666666667,0.645,0.07833333333333334
1035,0.305,0.42833333333333334,0.26666666666666666
2718,0.335,0.4266666666666667,0.23833333333333334
1124,0.26166666666666666,0.58,0.15833333333333333
1487,0.335,0.13666666666666666,0.5283333333333333
1209,0.245,0.57,0.185
1689,0.31666666666666665,0.425,0.25833333333333336
1218,0.23,0.10666666666666667,0.6633333333333333
2329,0.25,0.46166666666666667,0.28833333333333333
904,0.335,0.395,0.27
1008,0.2966666666666667,0.19166666666666668,0.5116666666666667
2837,0.31166666666666665,0.36333333333333334,0.325
2381,0.2833333333333333,0.45,0.26666666666666666
2477,0.2,0.4716666666666667,0.3283333333333333
1965,0.2966666666666667,0.14333333333333334,0.56
458,0.23666666666666666,0.06833333333333333,0.695
2925,0.25333333333333335,0.43833333333333335,0.30833333333333335
969,0.145,0.82,0.035
2524,0.24833333333333332,0.45166666666666666,0.3
1928,0.2833333333333333,0.47833333333333333,0.23833333333333334
1951,0.135,0.79,0.075
2178,0.27,0.24166666666666667,0.48833333333333334
2517,0.27,0.37833333333333335,0.3516666666666667
296,0.295,0.32666666666666666,0.37833333333333335
2219,0.29333333333333333,0.5,0.20666666666666667
2362,0.41,0.3283333333333333,0.26166666666666666
2078,0.33,0.43833333333333335,0.23166666666666666
1215,0.265,0.43166666666666664,0.30333333333333334
1414,0.24333333333333335,0.7133333333333334,0.043333333333333335
1943,0.25666666666666665,0.43833333333333335,0.305
618,0.3233333333333333,0.3016666666666667,0.375
1133,0.28,0.5066666666666667,0.21333333333333335
805,0.2833333333333333,0.5583333333333333,0.15833333333333333
370,0.31333333333333335,0.43,0.25666666666666665
1116,0.41,0.42833333333333334,0.16166666666666665
69,0.245,0.5383333333333333,0.21666666666666667
540,0.30333333333333334,0.5783333333333334,0.11833333333333333
2877,0.30333333333333334,0.5583333333333333,0.13833333333333334
2977,0.27,0.12333333333333334,0.6066666666666667
1161,0.3383333333333333,0.44166666666666665,0.22
2542,0.2733333333333333,0.395,0.33166666666666667
2783,0.30833333333333335,0.4683333333333333,0.22333333333333333
1678,0.38333333333333336,0.29333333333333333,0.3233333333333333
285,0.31833333333333336,0.5066666666666667,0.175
170,0.25333333333333335,0.5333333333333333,0.21333333333333335
918,0.30666666666666664,0.34833333333333333,0.345
3027,0.31833333333333336,0.505,0.17666666666666667
749,0.09833333333333333,0.85,0.051666666666666666
219,0.185,0.7083333333333334,0.10666666666666667
38,0.4216666666666667,0.32,0.25833333333333336
755,0.3566666666666667,0.22333333333333333,0.42
211,0.31666666666666665,0.6333333333333333,0.05
1189,0.3016666666666667,0.365,0.3333333333333333
500,0.305,0.11833333333333333,0.5766666666666667
616,0.28,0.27,0.45
2427,0.2633333333333333,0.26166666666666666,0.475
